  0.14123742E-01  0.39648293E-09  0.00000000E+00  0.10000000E+01  0.33006085E-09  0.72347728E-10  0.32075620E-07  0.32887411E-19  0.32075620E-07  0.18907372E-18 -0.19754902E-07
  0.28247483E-01  0.54096410E-09  0.00000000E+00  0.10000000E+01  0.45033992E-09  0.98712297E-10  0.12348953E-07  0.61224098E-19  0.12348953E-07  0.55369835E-19 -0.74153970E-08
  0.42371225E-01  0.73810926E-09  0.00000000E+00  0.10000000E+01  0.61448855E-09  0.13469266E-09  0.16852772E-07  0.11399026E-18  0.16852772E-07  0.10311452E-18 -0.10119951E-07
  0.56494966E-01  0.10070741E-08  0.00000000E+00  0.10000000E+01  0.83834984E-09  0.18376227E-09  0.22984061E-07  0.21217421E-18  0.22984061E-07  0.19181110E-18 -0.13801537E-07
  0.70618708E-01  0.13740545E-08  0.00000000E+00  0.10000000E+01  0.11438585E-08  0.25072822E-09  0.31366307E-07  0.39499020E-18  0.31366307E-07  0.35722955E-18 -0.18835091E-07
  0.84742449E-01  0.18747863E-08  0.00000000E+00  0.10000000E+01  0.15607512E-08  0.34210874E-09  0.42801703E-07  0.73537390E-18  0.42801703E-07  0.66514896E-18 -0.25701998E-07
  0.98866191E-01  0.25579825E-08  0.00000000E+00  0.10000000E+01  0.21294835E-08  0.46677215E-09  0.58391444E-07  0.13689568E-17  0.58391444E-07  0.12379419E-17 -0.35063309E-07
  0.11298993E+00  0.34901218E-08  0.00000000E+00  0.10000000E+01  0.29054289E-08  0.63685583E-09  0.79666100E-07  0.25483680E-17  0.79666100E-07  0.23044223E-17 -0.47838413E-07
  0.12711367E+00  0.47619770E-08  0.00000000E+00  0.10000000E+01  0.39642990E-08  0.86895439E-09  0.10871279E-06  0.47443186E-17  0.10871279E-06  0.42910381E-17 -0.65280867E-07
  0.14123742E+00  0.64972773E-08  0.00000000E+00  0.10000000E+01  0.54088328E-08  0.11855895E-08  0.14830970E-06  0.88317872E-17  0.14830970E-06  0.79863673E-17 -0.89057986E-07
  0.15536116E+00  0.88649421E-08  0.00000000E+00  0.10000000E+01  0.73798808E-08  0.16176334E-08  0.20236594E-06  0.16441449E-16  0.20236594E-06  0.14869102E-16 -0.12151829E-06
  0.16948490E+00  0.12095432E-07  0.00000000E+00  0.10000000E+01  0.10069255E-07  0.22071305E-08  0.27611562E-06  0.30608068E-16  0.27611562E-06  0.27681352E-16 -0.16580416E-06
  0.18360864E+00  0.16503125E-07  0.00000000E+00  0.10000000E+01  0.13738535E-07  0.30114187E-08  0.37672256E-06  0.56979965E-16  0.37672256E-06  0.51528894E-16 -0.22621717E-06
  0.19773238E+00  0.22517032E-07  0.00000000E+00  0.10000000E+01  0.18745013E-07  0.41088140E-08  0.51401134E-06  0.10607495E-15  0.51401134E-06  0.95929633E-16 -0.30865753E-06
  0.21185612E+00  0.30722473E-07  0.00000000E+00  0.10000000E+01  0.25575902E-07  0.56061108E-08  0.70132216E-06  0.19747096E-15  0.70132216E-06  0.17858382E-15 -0.42113537E-06
  0.22597986E+00  0.41918053E-07  0.00000000E+00  0.10000000E+01  0.34896000E-07  0.76490302E-08  0.95688763E-06  0.36761450E-15  0.95688763E-06  0.33245221E-15 -0.57459924E-06
  0.24010361E+00  0.57193432E-07  0.00000000E+00  0.10000000E+01  0.47612473E-07  0.10436418E-07  0.13055898E-05  0.68435714E-15  0.13055898E-05  0.61890053E-15 -0.78399066E-06
  0.25422735E+00  0.78035301E-07  0.00000000E+00  0.10000000E+01  0.64962946E-07  0.14239556E-07  0.17813601E-05  0.12740097E-14  0.17813601E-05  0.11521546E-14 -0.10696849E-05
  0.26835109E+00  0.10647217E-06  0.00000000E+00  0.10000000E+01  0.88636136E-07  0.19428601E-07  0.24305086E-05  0.23717175E-14  0.24305086E-05  0.21448724E-14 -0.14594906E-05
  0.28247483E+00  0.14527172E-06  0.00000000E+00  0.10000000E+01  0.12093604E-06  0.26508579E-07  0.33162068E-05  0.44152245E-14  0.33162068E-05  0.39929179E-14 -0.19913414E-05
  0.29659857E+00  0.19821024E-06  0.00000000E+00  0.10000000E+01  0.16500642E-06  0.36168588E-07  0.45246727E-05  0.82194543E-14  0.45246727E-05  0.74332951E-14 -0.27170105E-05
  0.31072231E+00  0.27044008E-06  0.00000000E+00  0.10000000E+01  0.22513639E-06  0.49348780E-07  0.61734998E-05  0.15301455E-13  0.61734998E-05  0.13837896E-13 -0.37071107E-05
  0.32484605E+00  0.36899121E-06  0.00000000E+00  0.10000000E+01  0.30717839E-06  0.67331979E-07  0.84231905E-05  0.28485421E-13  0.84231905E-05  0.25760867E-13 -0.50580225E-05
  0.33896980E+00  0.50345536E-06  0.00000000E+00  0.10000000E+01  0.41911699E-06  0.91868369E-07  0.11492648E-04  0.53028811E-13  0.11492648E-04  0.47956557E-13 -0.69011933E-05
  0.35309354E+00  0.68691963E-06  0.00000000E+00  0.10000000E+01  0.57184792E-06  0.12534623E-06  0.15680767E-04  0.98719379E-13  0.15680767E-04  0.89277490E-13 -0.94161089E-05
  0.36721728E+00  0.93724010E-06  0.00000000E+00  0.10000000E+01  0.78023498E-06  0.17102364E-06  0.21394945E-04  0.18377743E-12  0.21394945E-04  0.16619950E-12 -0.12847402E-04
  0.38134102E+00  0.12787798E-05  0.00000000E+00  0.10000000E+01  0.10645603E-05  0.23334633E-06  0.29191466E-04  0.34212266E-12  0.29191466E-04  0.30939930E-12 -0.17529116E-04
  0.39546476E+00  0.17447800E-05  0.00000000E+00  0.10000000E+01  0.14524967E-05  0.31838008E-06  0.39829148E-04  0.63690060E-12  0.39829148E-04  0.57598284E-12 -0.23916914E-04
  0.40958850E+00  0.23805950E-05  0.00000000E+00  0.10000000E+01  0.19818001E-05  0.43440075E-06  0.54343187E-04  0.11856623E-11  0.54343187E-04  0.10722548E-11 -0.32632414E-04
  0.42371225E+00  0.32481070E-05  0.00000000E+00  0.10000000E+01  0.27039850E-05  0.59270013E-06  0.74146160E-04  0.22072419E-11  0.74146160E-04  0.19961160E-11 -0.44523852E-04
  0.43783599E+00  0.44317480E-05  0.00000000E+00  0.10000000E+01  0.36893435E-05  0.80868583E-06  0.10116603E-03  0.41090322E-11  0.10116603E-03  0.37160179E-11 -0.60748955E-04
  0.45195973E+00  0.60467179E-05  0.00000000E+00  0.10000000E+01  0.50337719E-05  0.11033779E-05  0.13803150E-03  0.76494190E-11  0.13803150E-03  0.69177549E-11 -0.82886213E-04
  0.46608347E+00  0.82501954E-05  0.00000000E+00  0.10000000E+01  0.68681179E-05  0.15054575E-05  0.18833101E-03  0.14240226E-10  0.18833101E-03  0.12878135E-10 -0.11309044E-03
  0.48020721E+00  0.11256635E-04  0.00000000E+00  0.10000000E+01  0.93709072E-05  0.20540566E-05  0.25695965E-03  0.26509694E-10  0.25695965E-03  0.23973974E-10 -0.15430108E-03
  0.49433095E+00  0.15358639E-04  0.00000000E+00  0.10000000E+01  0.19639612E-05  0.79914428E-06 -0.55014299E-03  0.40126407E-11 -0.55014299E-03 -0.15148333E-09  0.36533741E-03
  0.50845469E+00  0.20955429E-04  0.00000000E+00  0.10000000E+01  0.68244481E-05  0.18665901E-05  0.48074237E-03  0.21891615E-10  0.48074237E-03  0.15393570E-09 -0.29360896E-03
  0.52257844E+00  0.28591697E-04  0.00000000E+00  0.10000000E+01  0.40078824E-05  0.15196766E-05 -0.14600505E-03  0.14510495E-10 -0.14600505E-03 -0.87369829E-10  0.11234205E-03
  0.53670218E+00  0.39010611E-04  0.00000000E+00  0.10000000E+01  0.55994249E-05  0.20906942E-05  0.25977574E-03  0.27463817E-10  0.25977574E-03  0.14940803E-09 -0.14155166E-03
  0.55082592E+00  0.53226116E-04  0.00000000E+00  0.10000000E+01  0.79287646E-05  0.28712638E-05  0.35622766E-03  0.51799559E-10  0.35622766E-03  0.27912561E-09 -0.19512277E-03
  0.56494966E+00  0.72621584E-04  0.00000000E+00  0.10000000E+01  0.11051336E-04  0.39353342E-05  0.48549158E-03  0.97306785E-10  0.48549158E-03  0.51804689E-09 -0.26552295E-03
  0.57907340E+00  0.99084379E-04  0.00000000E+00  0.10000000E+01  0.15290569E-04  0.53866179E-05  0.66224440E-03  0.18231072E-09  0.66224440E-03  0.96294078E-09 -0.36202054E-03
  0.59319714E+00  0.13518940E-03  0.00000000E+00  0.10000000E+01  0.21056391E-04  0.73662219E-05  0.90342173E-03  0.34093335E-09  0.90342173E-03  0.17906904E-08 -0.49371208E-03
  0.60732088E+00  0.18444945E-03  0.00000000E+00  0.10000000E+01  0.28908513E-04  0.10066647E-04  0.12324921E-02  0.63672162E-09  0.12324921E-02  0.33309791E-08 -0.67342135E-03
  0.62144463E+00  0.25165661E-03  0.00000000E+00  0.10000000E+01  0.39609250E-04  0.13750447E-04  0.16814327E-02  0.11879920E-08  0.16814327E-02  0.61972582E-08 -0.91860990E-03
  0.63556837E+00  0.34334776E-03  0.00000000E+00  0.10000000E+01  0.54197806E-04  0.18775753E-04  0.22938809E-02  0.22150044E-08  0.22938809E-02  0.11531189E-07 -0.12531101E-02
  0.64969211E+00  0.46843909E-03  0.00000000E+00  0.10000000E+01  0.74090838E-04  0.25630900E-04  0.31292762E-02  0.41276948E-08  0.31292762E-02  0.21456656E-07 -0.17093850E-02
  0.66381585E+00  0.63909076E-03  0.00000000E+00  0.10000000E+01  0.10121985E-03  0.34981772E-04  0.42686778E-02  0.76888871E-08  0.42686778E-02  0.39924962E-07 -0.23317061E-02
  0.67793959E+00  0.87188457E-03  0.00000000E+00  0.10000000E+01  0.13821767E-03  0.47736067E-04  0.58224852E-02  0.14317696E-07  0.58224852E-02  0.74284556E-07 -0.31803682E-02
  0.69206333E+00  0.11894270E-02  0.00000000E+00  0.10000000E+01  0.18867221E-03  0.65130728E-04  0.79410151E-02  0.26653346E-07  0.79410151E-02  0.13819750E-06 -0.43374653E-02
  0.70618708E+00  0.16225290E-02  0.00000000E+00  0.10000000E+01  0.25747066E-03  0.88850504E-04  0.10828709E-01  0.49602055E-07  0.10828709E-01  0.25705046E-06 -0.59146453E-02
  0.72031082E+00  0.22131676E-02  0.00000000E+00  0.10000000E+01  0.35126726E-03  0.12118907E-03  0.14763602E-01  0.92279828E-07  0.14763602E-01  0.47799475E-06 -0.80637415E-02
  0.73443456E+00  0.30185011E-02  0.00000000E+00  0.10000000E+01  0.47911274E-03  0.16526563E-03  0.20122585E-01  0.17161094E-06  0.20122585E-01  0.88850288E-06 -0.10990549E-01
  0.74855830E+00  0.41163033E-02  0.00000000E+00  0.10000000E+01  0.65330686E-03  0.22531816E-03  0.27416474E-01  0.31898647E-06  0.27416474E-01  0.16506966E-05 -0.14973967E-01
  0.76268204E+00  0.56122922E-02  0.00000000E+00  0.10000000E+01  0.89053774E-03  0.30709488E-03  0.37334855E-01  0.59255005E-06  0.37334855E-01  0.30645103E-05 -0.20390438E-01
  0.77680578E+00  0.76499758E-02  0.00000000E+00  0.10000000E+01  0.12134032E-02  0.41837624E-03  0.50805676E-01  0.10998005E-05  0.50805676E-01  0.56836347E-05 -0.27746426E-01
  0.79092952E+00  0.10423799E-01  0.00000000E+00  0.10000000E+01  0.16524181E-02  0.56966226E-03  0.69070859E-01  0.20389885E-05  0.69070859E-01  0.10527047E-04 -0.37719560E-01
  0.80505327E+00  0.14196557E-01  0.00000000E+00  0.10000000E+01  0.22486316E-02  0.77506599E-03  0.93780392E-01  0.37744810E-05  0.93780390E-01  0.19462112E-04 -0.51209750E-01
  0.81917701E+00  0.19322207E-01  0.00000000E+00  0.10000000E+01  0.30569878E-02  0.10534564E-02  0.12710681E+00  0.69728930E-05  0.12710681E+00  0.35892118E-04 -0.69401268E-01
  0.83330075E+00  0.26275264E-01  0.00000000E+00  0.10000000E+01  0.41504944E-02  0.14298655E-02  0.17186560E+00  0.12846070E-04  0.17186559E+00  0.65969756E-04 -0.93827544E-01
  0.84742449E+00  0.35687846E-01  0.00000000E+00  0.10000000E+01  0.56252526E-02  0.19371695E-02  0.23164155E+00  0.23578443E-04  0.23164152E+00  0.12070423E-03 -0.12643878E+00
  0.86154823E+00  0.48394810E-01  0.00000000E+00  0.10000000E+01  0.76060890E-02  0.26179356E-02  0.31086566E+00  0.43062357E-04  0.31086559E+00  0.21950994E-03 -0.16964120E+00
  0.87567197E+00  0.65486038E-01  0.00000000E+00  0.10000000E+01  0.10252239E-01  0.35262152E-02  0.41479280E+00  0.78126343E-04  0.41479262E+00  0.39595979E-03 -0.22628053E+00
  0.88979571E+00  0.88362210E-01  0.00000000E+00  0.10000000E+01  0.13761826E-01  0.47288046E-02  0.54926289E+00  0.14050203E-03  0.54926245E+00  0.70657736E-03 -0.29950457E+00
  0.90391946E+00  0.11878587E+00  0.00000000E+00  0.10000000E+01  0.18372954E-01  0.63051547E-02  0.72009024E+00  0.24978788E-03  0.72008921E+00  0.12431060E-02 -0.39241909E+00
  0.91804320E+00  0.15891308E+00  0.00000000E+00  0.10000000E+01  0.24358210E-01  0.83447434E-02  0.93191884E+00  0.43752800E-03  0.93191647E+00  0.21472000E-02 -0.50744872E+00
  0.93216694E+00  0.21128329E+00  0.00000000E+00  0.10000000E+01  0.32008280E-01  0.10940353E-01  0.11863641E+01  0.75204285E-03  0.11863588E+01  0.36227759E-02 -0.64530508E+00
  0.94629068E+00  0.27873948E+00  0.00000000E+00  0.10000000E+01  0.41601461E-01  0.14176151E-01  0.14796667E+01  0.12626895E-02  0.14796553E+01  0.59357596E-02 -0.80369299E+00
  0.96041442E+00  0.36425299E+00  0.00000000E+00  0.10000000E+01  0.53358282E-01  0.18110505E-01  0.18003115E+01  0.20608244E-02  0.18002882E+01  0.93844657E-02 -0.97601007E+00
  0.97453816E+00  0.47064545E+00  0.00000000E+00  0.10000000E+01  0.67387818E-01  0.22756351E-01  0.21279275E+01  0.32537570E-02  0.21278825E+01  0.14225619E-01 -0.11507742E+01
  0.98866191E+00  0.60023640E+00  0.00000000E+00  0.10000000E+01  0.83640280E-01  0.28065117E-01  0.24348997E+01  0.49489559E-02  0.24348179E+01  0.20559106E-01 -0.13125678E+01
  0.10027856E+01  0.75449043E+00  0.00000000E+00  0.10000000E+01  0.10188640E+00  0.33922390E-01  0.26916972E+01  0.72302407E-02  0.26915590E+01  0.28214552E-01 -0.14450409E+01
  0.10169094E+01  0.93376534E+00  0.00000000E+00  0.10000000E+01  0.12173554E+00  0.40159868E-01  0.28741256E+01  0.10133616E-01  0.28739091E+01  0.36706087E-01 -0.15349453E+01
  0.10310331E+01  0.11372473E+01  0.00000000E+00  0.10000000E+01  0.14269970E+00  0.46585443E-01  0.29716549E+01  0.13635791E-01  0.29713402E+01  0.45346540E-01 -0.15767336E+01
  0.10451569E+01  0.13630963E+01  0.00000000E+00  0.10000000E+01  0.16426495E+00  0.53015010E-01  0.29878366E+01  0.17659467E-01  0.29874112E+01  0.53421009E-01 -0.15726938E+01
  0.10592806E+01  0.16087508E+01  0.00000000E+00  0.10000000E+01  0.18597311E+00  0.59304463E-01  0.29407055E+01  0.22098085E-01  0.29401668E+01  0.60468903E-01 -0.15331394E+01
  0.10734044E+01  0.18712907E+01  0.00000000E+00  0.10000000E+01  0.20745553E+00  0.65359411E-01  0.28523776E+01  0.26840842E-01  0.28517329E+01  0.66316089E-01 -0.14705555E+01
  0.10875281E+01  0.21477677E+01  0.00000000E+00  0.10000000E+01  0.22846141E+00  0.71138498E-01  0.27466055E+01  0.31797228E-01  0.27458677E+01  0.71159208E-01 -0.13983038E+01
  0.11016518E+01  0.24354435E+01  0.00000000E+00  0.10000000E+01  0.24883764E+00  0.76637946E-01  0.26400188E+01  0.36903503E-01  0.26392023E+01  0.75314023E-01 -0.13257263E+01
  0.11157756E+01  0.27319247E+01  0.00000000E+00  0.10000000E+01  0.26851762E+00  0.81880184E-01  0.25442607E+01  0.42124766E-01  0.25433768E+01  0.79190251E-01 -0.12593983E+01
  0.11298993E+01  0.30352123E+01  0.00000000E+00  0.10000000E+01  0.28749749E+00  0.86901469E-01  0.24654948E+01  0.47449770E-01  0.24645487E+01  0.83163947E-01 -0.12028256E+01
  0.11440231E+01  0.33436916E+01  0.00000000E+00  0.10000000E+01  0.30580568E+00  0.91739171E-01  0.24040612E+01  0.52879764E-01  0.24030528E+01  0.87427868E-01 -0.11562446E+01
  0.11581468E+01  0.36560913E+01  0.00000000E+00  0.10000000E+01  0.32349990E+00  0.96431522E-01  0.23603716E+01  0.58427583E-01  0.23592935E+01  0.92206416E-01 -0.11199315E+01
  0.11722705E+01  0.39714287E+01  0.00000000E+00  0.10000000E+01  0.34063987E+00  0.10100960E+00  0.23310891E+01  0.64106957E-01  0.23299314E+01  0.97495923E-01 -0.10920238E+01
  0.11863943E+01  0.42889546E+01  0.00000000E+00  0.10000000E+01  0.35729000E+00  0.10549998E+00  0.23141542E+01  0.69933401E-01  0.23129036E+01  0.10332992E+00 -0.10713755E+01
  0.12005180E+01  0.46081043E+01  0.00000000E+00  0.10000000E+01  0.37351388E+00  0.10992509E+00  0.23076871E+01  0.75923027E-01  0.23063272E+01  0.10972178E+00 -0.10569160E+01
  0.12146418E+01  0.49284546E+01  0.00000000E+00  0.10000000E+01  0.38936232E+00  0.11429995E+00  0.23082405E+01  0.82086535E-01  0.23067585E+01  0.11652188E+00 -0.10466843E+01
  0.12287655E+01  0.52496906E+01  0.00000000E+00  0.10000000E+01  0.40488772E+00  0.11863866E+00  0.23154217E+01  0.88436660E-01  0.23138011E+01  0.12378669E+00 -0.10404402E+01
  0.12428893E+01  0.55715790E+01  0.00000000E+00  0.10000000E+01  0.42012758E+00  0.12294936E+00  0.23264189E+01  0.94980057E-01  0.23246496E+01  0.13133885E+00 -0.10365669E+01
  0.12570130E+01  0.58939473E+01  0.00000000E+00  0.10000000E+01  0.43512192E+00  0.12724073E+00  0.23415174E+01  0.10172604E+00  0.23395854E+01  0.13925619E+00 -0.10352097E+01
  0.12711367E+01  0.62166681E+01  0.00000000E+00  0.10000000E+01  0.44989936E+00  0.13151729E+00  0.23587810E+01  0.10867898E+00  0.23566789E+01  0.14738911E+00 -0.10352586E+01
  0.12852605E+01  0.65396478E+01  0.00000000E+00  0.10000000E+01  0.46448973E+00  0.13578366E+00  0.23782704E+01  0.11584435E+00  0.23759892E+01  0.15577235E+00 -0.10367522E+01
  0.12993842E+01  0.68628176E+01  0.00000000E+00  0.10000000E+01  0.47892257E+00  0.14004455E+00  0.24001009E+01  0.12322883E+00  0.23976294E+01  0.16444830E+00 -0.10397460E+01
  0.13135080E+01  0.71861268E+01  0.00000000E+00  0.10000000E+01  0.49321686E+00  0.14430117E+00  0.24225928E+01  0.13083369E+00  0.24199298E+01  0.17324343E+00 -0.10432728E+01
  0.13276317E+01  0.75095382E+01  0.00000000E+00  0.10000000E+01  0.50739526E+00  0.14855673E+00  0.24466953E+01  0.13866427E+00  0.24438325E+01  0.18228670E+00 -0.10478418E+01
  0.13417554E+01  0.78330246E+01  0.00000000E+00  0.10000000E+01  0.52146949E+00  0.15281134E+00  0.24708989E+01  0.14672059E+00  0.24678401E+01  0.19139883E+00 -0.10525717E+01
  0.13558792E+01  0.81565660E+01  0.00000000E+00  0.10000000E+01  0.53545246E+00  0.15706584E+00  0.24955221E+01  0.15500416E+00  0.24922694E+01  0.20062499E+00 -0.10576343E+01
  0.13700029E+01  0.84801477E+01  0.00000000E+00  0.10000000E+01  0.54935779E+00  0.16132195E+00  0.25210010E+01  0.16351847E+00  0.25175524E+01  0.21003303E+00 -0.10632624E+01
  0.13841267E+01  0.88037589E+01  0.00000000E+00  0.10000000E+01  0.56319124E+00  0.16557875E+00  0.25460654E+01  0.17226184E+00  0.25424333E+01  0.21944471E+00 -0.10687341E+01
  0.13982504E+01  0.91273919E+01  0.00000000E+00  0.10000000E+01  0.57696578E+00  0.16983817E+00  0.25720691E+01  0.18123850E+00  0.25682516E+01  0.22906394E+00 -0.10748116E+01
  0.14123742E+01  0.94510406E+01  0.00000000E+00  0.10000000E+01  0.59068474E+00  0.17409900E+00  0.25975268E+01  0.19044625E+00  0.25935408E+01  0.23866509E+00 -0.10806473E+01
  0.14264979E+01  0.97747011E+01  0.00000000E+00  0.10000000E+01  0.60435943E+00  0.17836305E+00  0.26238608E+01  0.19988935E+00  0.26197062E+01  0.24847679E+00 -0.10870440E+01
  0.14406216E+01  0.10098370E+02  0.00000000E+00  0.10000000E+01  0.61438819E+00  0.18000000E+00  0.26422854E+01  0.20357521E+00  0.26370462E+01  0.26287349E+00 -0.10927867E+01
  0.14547454E+01  0.10422045E+02  0.00000000E+00  0.10000000E+01  0.62009966E+00  0.18000000E+00  0.26461786E+01  0.20357521E+00  0.26393481E+01  0.27847068E+00 -0.10774532E+01
  0.14688691E+01  0.10745725E+02  0.00000000E+00  0.10000000E+01  0.62184807E+00  0.18000000E+00  0.26507757E+01  0.20357521E+00  0.26422493E+01  0.29423371E+00 -0.10478631E+01
  0.14829929E+01  0.11069408E+02  0.00000000E+00  0.10000000E+01  0.61997189E+00  0.18000000E+00  0.26568937E+01  0.20357521E+00  0.26465490E+01  0.31033052E+00 -0.10211534E+01
  0.14971166E+01  0.11393094E+02  0.00000000E+00  0.10000000E+01  0.61498673E+00  0.18000000E+00  0.26654383E+01  0.20357521E+00  0.26531299E+01  0.32696477E+00 -0.99825510E+00
  0.15112403E+01  0.11716781E+02  0.00000000E+00  0.10000000E+01  0.60728368E+00  0.18000000E+00  0.26753928E+01  0.20357521E+00  0.26609875E+01  0.34396958E+00 -0.97761338E+00
  0.15253641E+01  0.12040470E+02  0.00000000E+00  0.10000000E+01  0.59714981E+00  0.18000000E+00  0.26877427E+01  0.20357521E+00  0.26710801E+01  0.36157332E+00 -0.95938768E+00
  0.15394878E+01  0.12364160E+02  0.00000000E+00  0.10000000E+01  0.58481245E+00  0.18000000E+00  0.27027173E+01  0.20357521E+00  0.26836220E+01  0.37986403E+00 -0.94351251E+00
  0.15536116E+01  0.12687850E+02  0.00000000E+00  0.10000000E+01  0.57047277E+00  0.18000000E+00  0.27190512E+01  0.20357521E+00  0.26973682E+01  0.39860647E+00 -0.92928136E+00
  0.15677353E+01  0.13011541E+02  0.00000000E+00  0.10000000E+01  0.55432673E+00  0.18000000E+00  0.27381570E+01  0.20357521E+00  0.27136885E+01  0.41814035E+00 -0.91750534E+00
  0.15818590E+01  0.13335232E+02  0.00000000E+00  0.10000000E+01  0.53655468E+00  0.18000000E+00  0.27584685E+01  0.20357521E+00  0.27310468E+01  0.43814932E+00 -0.90726125E+00
  0.15959828E+01  0.13658924E+02  0.00000000E+00  0.10000000E+01  0.51733102E+00  0.18000000E+00  0.27806345E+01  0.20357521E+00  0.27500670E+01  0.45880558E+00 -0.89892606E+00
  0.16101065E+01  0.13982616E+02  0.00000000E+00  0.10000000E+01  0.49681959E+00  0.18000000E+00  0.28045818E+01  0.20357521E+00  0.27706689E+01  0.48012099E+00 -0.89246734E+00
  0.16242303E+01  0.14306308E+02  0.00000000E+00  0.10000000E+01  0.47517007E+00  0.18000000E+00  0.28290711E+01  0.20357521E+00  0.27916421E+01  0.50181757E+00 -0.88719252E+00
  0.16383540E+01  0.14630000E+02  0.00000000E+00  0.10000000E+01  0.45252361E+00  0.18000000E+00  0.28556623E+01  0.20357521E+00  0.28144915E+01  0.52429712E+00 -0.88387683E+00
  0.16524778E+01  0.14953692E+02  0.00000000E+00  0.10000000E+01  0.42899301E+00  0.18000000E+00  0.28846819E+01  0.20357521E+00  0.28395215E+01  0.54767729E+00 -0.88220369E+00
  0.16666015E+01  0.15277384E+02  0.00000000E+00  0.10000000E+01  0.40467382E+00  0.18000000E+00  0.29185664E+01  0.20357521E+00  0.28690691E+01  0.57263862E+00 -0.88319431E+00
  0.16807252E+01  0.15601076E+02  0.00000000E+00  0.10000000E+01  0.37970243E+00  0.18000000E+00  0.29422846E+01  0.20357521E+00  0.28886326E+01  0.59521689E+00 -0.88150813E+00
  0.16948490E+01  0.15924769E+02  0.00000000E+00  0.10000000E+01  0.35420713E+00  0.18000000E+00  0.29608915E+01  0.20357521E+00  0.29031167E+01  0.61663193E+00 -0.87894744E+00
  0.17089727E+01  0.16248461E+02  0.00000000E+00  0.10000000E+01  0.32809773E+00  0.18000000E+00  0.30288216E+01  0.20357521E+00  0.29648035E+01  0.65203019E+00 -0.89462691E+00
  0.17230965E+01  0.16572153E+02  0.00000000E+00  0.10000000E+01  0.30166984E+00  0.18000000E+00  0.30160933E+01  0.20357521E+00  0.29488730E+01  0.66513895E+00 -0.88215732E+00
  0.17372202E+01  0.16895846E+02  0.00000000E+00  0.10000000E+01  0.27478723E+00  0.18000000E+00  0.30801501E+01  0.20357521E+00  0.30063600E+01  0.70040494E+00 -0.89752562E+00
  0.17513439E+01  0.17219538E+02  0.00000000E+00  0.10000000E+01  0.24767986E+00  0.18000000E+00  0.30870179E+01  0.20357521E+00  0.30089151E+01  0.71941118E+00 -0.89512706E+00
  0.17654677E+01  0.17543230E+02  0.00000000E+00  0.10000000E+01  0.22013161E+00  0.18000000E+00  0.31607776E+01  0.20357521E+00  0.30751319E+01  0.75863147E+00 -0.91423007E+00
  0.17795914E+01  0.17866923E+02  0.00000000E+00  0.10000000E+01  0.19254081E+00  0.18000000E+00  0.31223268E+01  0.20357521E+00  0.30342005E+01  0.76419527E+00 -0.89625773E+00
  0.17937152E+01  0.18190615E+02  0.00000000E+00  0.10000000E+01  0.16475074E+00  0.18000000E+00  0.31889042E+01  0.20357521E+00  0.30930849E+01  0.80210875E+00 -0.91849767E+00
  0.18078389E+01  0.18514307E+02  0.00000000E+00  0.10000000E+01  0.13672731E+00  0.18000000E+00  0.32063701E+01  0.20357521E+00  0.31050660E+01  0.82511638E+00 -0.91807312E+00
  0.18219627E+01  0.18838000E+02  0.00000000E+00  0.10000000E+01  0.10840554E+00  0.18000000E+00  0.32645788E+01  0.20357521E+00  0.31554458E+01  0.86144044E+00 -0.93498676E+00
  0.18360864E+01  0.19161692E+02  0.00000000E+00  0.10000000E+01  0.79646488E-01  0.18000000E+00  0.33180148E+01  0.20357521E+00  0.32010042E+01  0.89679284E+00 -0.94511495E+00
  0.18502101E+01  0.19485385E+02  0.00000000E+00  0.10000000E+01  0.50841042E-01  0.18000000E+00  0.32864100E+01  0.20357521E+00  0.31660920E+01  0.90432020E+00 -0.93034606E+00
  0.18643339E+01  0.19809077E+02  0.00000000E+00  0.10000000E+01  0.21984352E-01  0.18000000E+00  0.33078481E+01  0.20357521E+00  0.31811021E+01  0.92945758E+00 -0.93653990E+00
  0.18784576E+01  0.20132769E+02  0.00000000E+00  0.10000000E+01 -0.72404472E-02  0.18000000E+00  0.34226014E+01  0.20357521E+00  0.32835420E+01  0.98691199E+00 -0.97518885E+00
  0.18925814E+01  0.20456462E+02  0.00000000E+00  0.10000000E+01 -0.36065472E-01  0.18000000E+00  0.32474330E+01  0.20357521E+00  0.31137921E+01  0.94422596E+00 -0.90638233E+00
  0.19067051E+01  0.20780154E+02  0.00000000E+00  0.10000000E+01 -0.65420474E-01  0.18000000E+00  0.35315838E+01  0.20357521E+00  0.33740744E+01  0.10626141E+01 -0.10127392E+01
  0.19208288E+01  0.21103846E+02  0.00000000E+00  0.10000000E+01 -0.94869523E-01  0.18000000E+00  0.33954276E+01  0.20357521E+00  0.32409933E+01  0.10326345E+01 -0.94556434E+00
  0.19349526E+01  0.21427539E+02  0.00000000E+00  0.10000000E+01 -0.12430262E+00  0.18000000E+00  0.35367697E+01  0.20357521E+00  0.33666803E+01  0.11025636E+01 -0.10094615E+01
  0.19490763E+01  0.21751231E+02  0.00000000E+00  0.10000000E+01 -0.15375828E+00  0.18000000E+00  0.34287412E+01  0.20357521E+00  0.32600606E+01  0.10815330E+01 -0.95040678E+00
  0.19632001E+01  0.22074923E+02  0.00000000E+00  0.10000000E+01 -0.18342426E+00  0.18000000E+00  0.36352486E+01  0.20357521E+00  0.34452675E+01  0.11775427E+01 -0.10361989E+01
  0.19773238E+01  0.22398616E+02  0.00000000E+00  0.10000000E+01 -0.21285534E+00  0.18000000E+00  0.34870895E+01  0.20357521E+00  0.33015788E+01  0.11405321E+01 -0.97459543E+00
  0.19914476E+01  0.22722308E+02  0.00000000E+00  0.10000000E+01 -0.24253942E+00  0.18000000E+00  0.36678512E+01  0.20357521E+00  0.34618151E+01  0.12289880E+01 -0.10434495E+01
  0.20055713E+01  0.23046001E+02  0.00000000E+00  0.10000000E+01 -0.27193403E+00  0.18000000E+00  0.35612607E+01  0.20357521E+00  0.33567331E+01  0.12067989E+01 -0.10033335E+01
  0.20196950E+01  0.23369693E+02  0.00000000E+00  0.10000000E+01 -0.30139401E+00  0.18000000E+00  0.36867195E+01  0.20357521E+00  0.34650285E+01  0.12755081E+01 -0.10495071E+01
  0.20338188E+01  0.23693385E+02  0.00000000E+00  0.10000000E+01 -0.33086551E+00  0.18000000E+00  0.36863486E+01  0.20357521E+00  0.34574277E+01  0.12949143E+01 -0.10435451E+01
  0.20479425E+01  0.24017078E+02  0.00000000E+00  0.10000000E+01 -0.35995720E+00  0.18000000E+00  0.37144069E+01  0.20357521E+00  0.34756860E+01  0.13258463E+01 -0.10663104E+01
  0.20620663E+01  0.24340770E+02  0.00000000E+00  0.10000000E+01 -0.38921149E+00  0.18000000E+00  0.37302807E+01  0.20357521E+00  0.34826030E+01  0.13520035E+01 -0.10546875E+01
  0.20761900E+01  0.24664462E+02  0.00000000E+00  0.10000000E+01 -0.41818000E+00  0.18000000E+00  0.38263900E+01  0.20357521E+00  0.35622503E+01  0.14117635E+01 -0.11088839E+01
  0.20903137E+01  0.24988155E+02  0.00000000E+00  0.10000000E+01 -0.44692408E+00  0.18000000E+00  0.37143341E+01  0.20357521E+00  0.34526508E+01  0.13845299E+01 -0.10523774E+01
  0.21044375E+01  0.25311847E+02  0.00000000E+00  0.10000000E+01 -0.47568420E+00  0.18000000E+00  0.39279086E+01  0.20357521E+00  0.36378440E+01  0.14953261E+01 -0.11459463E+01
  0.21185612E+01  0.25635540E+02  0.00000000E+00  0.10000000E+01 -0.50399583E+00  0.18000000E+00  0.37734347E+01  0.20357521E+00  0.34900699E+01  0.14490218E+01 -0.10830461E+01
  0.21326850E+01  0.25959232E+02  0.00000000E+00  0.10000000E+01 -0.53215026E+00  0.18000000E+00  0.39600362E+01  0.20357521E+00  0.36496026E+01  0.15503971E+01 -0.11687600E+01
  0.21468087E+01  0.26282924E+02  0.00000000E+00  0.10000000E+01 -0.55981260E+00  0.18000000E+00  0.37828982E+01  0.20357521E+00  0.34819601E+01  0.14925532E+01 -0.10926678E+01
  0.21609324E+01  0.26606617E+02  0.00000000E+00  0.10000000E+01 -0.58747423E+00  0.18000000E+00  0.40975227E+01  0.20357521E+00  0.37547790E+01  0.16531091E+01 -0.12295128E+01
  0.21750562E+01  0.26930309E+02  0.00000000E+00  0.10000000E+01 -0.61456324E+00  0.18000000E+00  0.38486059E+01  0.20357521E+00  0.35234561E+01  0.15615592E+01 -0.11243309E+01
  0.21891799E+01  0.27254001E+02  0.00000000E+00  0.10000000E+01 -0.64128264E+00  0.18000000E+00  0.40698975E+01  0.20357521E+00  0.37113029E+01  0.16827773E+01 -0.12230313E+01
  0.22033037E+01  0.27577694E+02  0.00000000E+00  0.10000000E+01 -0.66755413E+00  0.18000000E+00  0.40148266E+01  0.20357521E+00  0.36529229E+01  0.16782222E+01 -0.11996156E+01
  0.22174274E+01  0.27901386E+02  0.00000000E+00  0.10000000E+01 -0.69340875E+00  0.18000000E+00  0.41093672E+01  0.20357521E+00  0.37269342E+01  0.17430729E+01 -0.12421494E+01
  0.22315512E+01  0.28225078E+02  0.00000000E+00  0.10000000E+01 -0.71868649E+00  0.18000000E+00  0.40855548E+01  0.20357521E+00  0.36960463E+01  0.17528385E+01 -0.12370624E+01
  0.22456749E+01  0.28548771E+02  0.00000000E+00  0.10000000E+01 -0.74349486E+00  0.18000000E+00  0.41807802E+01  0.20357521E+00  0.37697317E+01  0.18192001E+01 -0.12830122E+01
  0.22597986E+01  0.28872463E+02  0.00000000E+00  0.10000000E+01 -0.76759396E+00  0.18000000E+00  0.41453764E+01  0.20357521E+00  0.37283910E+01  0.18233729E+01 -0.12771944E+01
  0.22739224E+01  0.29196155E+02  0.00000000E+00  0.10000000E+01 -0.79080225E+00  0.18000000E+00  0.41668728E+01  0.20357521E+00  0.37367959E+01  0.18548931E+01 -0.12944955E+01
  0.22880461E+01  0.29519848E+02  0.00000000E+00  0.10000000E+01 -0.81317711E+00  0.18000000E+00  0.42770105E+01  0.20357521E+00  0.38220972E+01  0.19302421E+01 -0.13511213E+01
  0.23021699E+01  0.29843540E+02  0.00000000E+00  0.10000000E+01 -0.83502383E+00  0.18000000E+00  0.42926748E+01  0.20357521E+00  0.38247184E+01  0.19595992E+01 -0.13562688E+01
  0.23162936E+01  0.30167232E+02  0.00000000E+00  0.10000000E+01 -0.85586337E+00  0.18000000E+00  0.42791382E+01  0.20357521E+00  0.38018835E+01  0.19743730E+01 -0.13653738E+01
  0.23304173E+01  0.30490924E+02  0.00000000E+00  0.10000000E+01 -0.87600659E+00  0.18000000E+00  0.43834403E+01  0.20357521E+00  0.38805468E+01  0.20487432E+01 -0.14131090E+01
  0.23445411E+01  0.30814616E+02  0.00000000E+00  0.10000000E+01 -0.89519766E+00  0.18000000E+00  0.43796683E+01  0.20357521E+00  0.38656710E+01  0.20687012E+01 -0.14184876E+01
  0.23586648E+01  0.31138308E+02  0.00000000E+00  0.10000000E+01 -0.91312705E+00  0.18000000E+00  0.44288649E+01  0.20357521E+00  0.38960308E+01  0.21159470E+01 -0.14587501E+01
  0.23727886E+01  0.31462000E+02  0.00000000E+00  0.10000000E+01 -0.93003823E+00  0.18000000E+00  0.44364439E+01  0.20357521E+00  0.38904794E+01  0.21418795E+01 -0.14647678E+01
  0.23869123E+01  0.31785691E+02  0.00000000E+00  0.10000000E+01 -0.94573837E+00  0.18000000E+00  0.45144250E+01  0.20357521E+00  0.39446027E+01  0.22049004E+01 -0.15219120E+01
  0.24010361E+01  0.32109383E+02  0.00000000E+00  0.10000000E+01 -0.96066863E+00  0.18000000E+00  0.44670201E+01  0.20357521E+00  0.38919296E+01  0.22019525E+01 -0.15019616E+01
  0.24151598E+01  0.32433073E+02  0.00000000E+00  0.10000000E+01 -0.97361229E+00  0.18000000E+00  0.45479545E+01  0.20357521E+00  0.39477379E+01  0.22673108E+01 -0.15736273E+01
  0.24292835E+01  0.32756763E+02  0.00000000E+00  0.10000000E+01 -0.98266259E+00  0.18000000E+00  0.45605283E+01  0.20357521E+00  0.39454401E+01  0.22963805E+01 -0.16172540E+01
  0.24434073E+01  0.33080453E+02  0.00000000E+00  0.10000000E+01 -0.98646616E+00  0.18000000E+00  0.46819683E+01  0.20357521E+00  0.40341591E+01  0.23849172E+01 -0.17237688E+01
  0.24575310E+01  0.33404141E+02  0.00000000E+00  0.10000000E+01 -0.98900550E+00  0.18000000E+00  0.47258003E+01  0.20357521E+00  0.40572127E+01  0.24318010E+01 -0.17552403E+01
  0.24716548E+01  0.33727828E+02  0.00000000E+00  0.10000000E+01 -0.99250758E+00  0.18000000E+00  0.47173454E+01  0.20357521E+00  0.40363780E+01  0.24499884E+01 -0.17508440E+01
  0.24857785E+01  0.34051513E+02  0.00000000E+00  0.10000000E+01 -0.99514395E+00  0.18000000E+00  0.47564106E+01  0.20357521E+00  0.40548397E+01  0.24946262E+01 -0.17915414E+01
  0.24999022E+01  0.34375195E+02  0.00000000E+00  0.10000000E+01 -0.99641569E+00  0.18000000E+00  0.47647110E+01  0.20357521E+00  0.40475329E+01  0.25221799E+01 -0.18064563E+01
  0.25140260E+01  0.34698873E+02  0.00000000E+00  0.10000000E+01 -0.99619674E+00  0.18000000E+00  0.48290399E+01  0.20357521E+00  0.40861083E+01  0.25816251E+01 -0.18622245E+01
  0.25281497E+01  0.35022546E+02  0.00000000E+00  0.10000000E+01 -0.99697349E+00  0.18000000E+00  0.48280065E+01  0.20357521E+00  0.40706129E+01  0.26040738E+01 -0.18425495E+01
  0.25422735E+01  0.35346212E+02  0.00000000E+00  0.10000000E+01 -0.99917554E+00  0.18000000E+00  0.48631489E+01  0.20357521E+00  0.40845021E+01  0.26473576E+01 -0.18415806E+01
  0.25563972E+01  0.35669869E+02  0.00000000E+00  0.10000000E+01 -0.10009480E+01  0.18000000E+00  0.48721304E+01  0.20357521E+00  0.40767790E+01  0.26756253E+01 -0.18514129E+01
  0.25705210E+01  0.35993512E+02  0.00000000E+00  0.10000000E+01 -0.10037288E+01  0.18000000E+00  0.48619577E+01  0.20357521E+00  0.40533698E+01  0.26926323E+01 -0.18407543E+01
  0.25846447E+01  0.36317138E+02  0.00000000E+00  0.10000000E+01 -0.10076688E+01  0.18000000E+00  0.48594104E+01  0.20357521E+00  0.40360438E+01  0.27139754E+01 -0.18384105E+01
  0.25987684E+01  0.36640739E+02  0.00000000E+00  0.10000000E+01 -0.10129446E+01  0.18000000E+00  0.48429723E+01  0.20357521E+00  0.40074614E+01  0.27269170E+01 -0.18233230E+01
  0.26128922E+01  0.36964307E+02  0.00000000E+00  0.10000000E+01 -0.10175156E+01  0.18000000E+00  0.48907993E+01  0.20357521E+00  0.40302121E+01  0.27782640E+01 -0.18544285E+01
  0.26270159E+01  0.37287830E+02  0.00000000E+00  0.10000000E+01 -0.10190942E+01  0.18000000E+00  0.49220608E+01  0.20357521E+00  0.40393321E+01  0.28199152E+01 -0.18949353E+01
  0.26411397E+01  0.37611291E+02  0.00000000E+00  0.10000000E+01 -0.10194268E+01  0.18000000E+00  0.49729287E+01  0.20357521E+00  0.40636440E+01  0.28737188E+01 -0.19331906E+01
  0.26552634E+01  0.37934668E+02  0.00000000E+00  0.10000000E+01 -0.10221148E+01  0.18000000E+00  0.49507761E+01  0.20357521E+00  0.40298882E+01  0.28829895E+01 -0.18996314E+01
  0.26693871E+01  0.38257930E+02  0.00000000E+00  0.10000000E+01 -0.10288891E+01  0.18000000E+00  0.49291732E+01  0.20357521E+00  0.39965950E+01  0.28923035E+01 -0.18623137E+01
  0.26835109E+01  0.38581035E+02  0.00000000E+00  0.10000000E+01 -0.10379879E+01  0.18000000E+00  0.48712862E+01  0.20357521E+00  0.39349693E+01  0.28786956E+01 -0.18200190E+01
  0.26976346E+01  0.38903928E+02  0.00000000E+00  0.10000000E+01 -0.10463643E+01  0.18000000E+00  0.48988912E+01  0.20357521E+00  0.39401662E+01  0.29181619E+01 -0.18497494E+01
  0.27117584E+01  0.39226529E+02  0.00000000E+00  0.10000000E+01 -0.10535649E+01  0.18000000E+00  0.48845228E+01  0.20357521E+00  0.39125427E+01  0.29312140E+01 -0.18583208E+01
  0.27258821E+01  0.39548735E+02  0.00000000E+00  0.10000000E+01 -0.10584613E+01  0.18000000E+00  0.49314461E+01  0.20357521E+00  0.39321788E+01  0.29830476E+01 -0.19098197E+01
  0.27400059E+01  0.39870403E+02  0.00000000E+00  0.10000000E+01 -0.10593346E+01  0.18000000E+00  0.49673404E+01  0.20357521E+00  0.39429184E+01  0.30280866E+01 -0.19634222E+01
  0.27541296E+01  0.40191340E+02  0.00000000E+00  0.10000000E+01 -0.10569806E+01  0.18000000E+00  0.50135621E+01  0.20357521E+00  0.39612035E+01  0.30799536E+01 -0.20158886E+01
  0.27682533E+01  0.40511283E+02  0.00000000E+00  0.10000000E+01 -0.10564891E+01  0.18000000E+00  0.49867735E+01  0.20357521E+00  0.39235764E+01  0.30846233E+01 -0.19909588E+01
  0.27823771E+01  0.40829883E+02  0.00000000E+00  0.10000000E+01 -0.10611108E+01  0.18000000E+00  0.49001606E+01  0.20357521E+00  0.38408274E+01  0.30497642E+01 -0.19104955E+01
  0.27965008E+01  0.41146666E+02  0.00000000E+00  0.10000000E+01 -0.10672320E+01  0.18000000E+00  0.48667412E+01  0.20357521E+00  0.37987412E+01  0.30489634E+01 -0.18876985E+01
  0.28106246E+01  0.41461005E+02  0.00000000E+00  0.10000000E+01 -0.10733776E+01  0.18000000E+00  0.48157068E+01  0.20357521E+00  0.37437112E+01  0.30359679E+01 -0.18614809E+01
  0.28247483E+01  0.41772070E+02  0.00000000E+00  0.10000000E+01 -0.10803779E+01  0.18000000E+00  0.47437318E+01  0.20357521E+00  0.36734945E+01  0.30083006E+01 -0.18192004E+01
  0.28388720E+01  0.42078776E+02  0.00000000E+00  0.10000000E+01 -0.10881389E+01  0.18000000E+00  0.46487570E+01  0.20357521E+00  0.35868458E+01  0.29642741E+01 -0.17677177E+01
  0.28529958E+01  0.42379729E+02  0.00000000E+00  0.10000000E+01 -0.10964210E+01  0.18000000E+00  0.45220902E+01  0.20357521E+00  0.34776583E+01  0.28976949E+01 -0.17018075E+01
  0.28671195E+01  0.42673177E+02  0.00000000E+00  0.10000000E+01 -0.11049980E+01  0.18000000E+00  0.43683141E+01  0.20357521E+00  0.33497107E+01  0.28112363E+01 -0.16239078E+01
  0.28812433E+01  0.42956970E+02  0.00000000E+00  0.10000000E+01 -0.11137704E+01  0.18000000E+00  0.41789695E+01  0.20357521E+00  0.31971704E+01  0.26987646E+01 -0.15281647E+01
  0.28953670E+01  0.43228576E+02  0.00000000E+00  0.10000000E+01 -0.11226634E+01  0.18000000E+00  0.39529157E+01  0.20357521E+00  0.30196323E+01  0.25590635E+01 -0.14134733E+01
  0.29094907E+01  0.43485158E+02  0.00000000E+00  0.10000000E+01 -0.11316430E+01  0.18000000E+00  0.36957236E+01  0.20357521E+00  0.28215357E+01  0.23955693E+01 -0.12820868E+01
  0.29236145E+01  0.43723745E+02  0.00000000E+00  0.10000000E+01 -0.11407859E+01  0.18000000E+00  0.34200235E+01  0.20357521E+00  0.26122927E+01  0.22167388E+01 -0.11393308E+01
  0.29377382E+01  0.43941507E+02  0.00000000E+00  0.10000000E+01 -0.11501924E+01  0.18000000E+00  0.31445211E+01  0.20357521E+00  0.24054736E+01  0.20354735E+01 -0.99529087E+00
  0.29518620E+01  0.44136113E+02  0.00000000E+00  0.10000000E+01 -0.11596355E+01  0.18000000E+00  0.28945683E+01  0.20357521E+00  0.22191583E+01  0.18695736E+01 -0.86758105E+00
  0.29659857E+01  0.44306074E+02  0.00000000E+00  0.10000000E+01 -0.11678565E+01  0.18000000E+00  0.27053060E+01  0.20357521E+00  0.20781630E+01  0.17439501E+01 -0.78431082E+00
  0.29801095E+01  0.44451011E+02  0.00000000E+00  0.10000000E+01 -0.11728935E+01  0.18000000E+00  0.26043448E+01  0.20357521E+00  0.20016737E+01  0.16784985E+01 -0.76572754E+00
  0.29942332E+01  0.44571712E+02  0.00000000E+00  0.10000000E+01 -0.11776629E+01  0.18000000E+00  0.25459407E+01  0.20357521E+00  0.19565278E+01  0.16417234E+01 -0.75189729E+00
  0.30083569E+01  0.44669999E+02  0.00000000E+00  0.10000000E+01 -0.11859650E+01  0.18000000E+00  0.25280206E+01  0.20357521E+00  0.19409645E+01  0.16324791E+01 -0.73483487E+00
  0.30224807E+01  0.44748422E+02  0.00000000E+00  0.10000000E+01 -0.11963666E+01  0.18000000E+00  0.26006085E+01  0.20357521E+00  0.19902805E+01  0.16862358E+01 -0.77666334E+00
  0.30366044E+01  0.44809897E+02  0.00000000E+00  0.10000000E+01 -0.12057238E+01  0.18000000E+00  0.27496304E+01  0.20357521E+00  0.20941935E+01  0.17933944E+01 -0.87938026E+00
  0.30507282E+01  0.44857374E+02  0.00000000E+00  0.10000000E+01 -0.12140869E+01  0.18000000E+00  0.29108710E+01  0.20357521E+00  0.22070045E+01  0.19088593E+01 -0.98634778E+00
  0.30648519E+01  0.44893599E+02  0.00000000E+00  0.10000000E+01 -0.12217108E+01  0.18000000E+00  0.30651386E+01  0.20357521E+00  0.23150833E+01  0.20191352E+01 -0.10861845E+01
  0.30789756E+01  0.44920973E+02  0.00000000E+00  0.10000000E+01 -0.12288694E+01  0.18000000E+00  0.32007509E+01  0.20357521E+00  0.24101429E+01  0.21160010E+01 -0.11725322E+01
  0.30930994E+01  0.44941502E+02  0.00000000E+00  0.10000000E+01 -0.12358415E+01  0.18000000E+00  0.33114611E+01  0.20357521E+00  0.24877484E+01  0.21950684E+01 -0.12426872E+01
  0.31072231E+01  0.44956810E+02  0.00000000E+00  0.10000000E+01 -0.12427618E+01  0.18000000E+00  0.33970162E+01  0.20357521E+00  0.25477040E+01  0.22561840E+01 -0.12985267E+01
  0.31213469E+01  0.44968173E+02  0.00000000E+00  0.10000000E+01 -0.12496118E+01  0.18000000E+00  0.34602791E+01  0.20357521E+00  0.25920149E+01  0.23013980E+01 -0.13432008E+01
  0.31354706E+01  0.44976581E+02  0.00000000E+00  0.10000000E+01 -0.12562822E+01  0.18000000E+00  0.35065588E+01  0.20357521E+00  0.26244153E+01  0.23344896E+01 -0.13801802E+01
  0.31495944E+01  0.44982787E+02  0.00000000E+00  0.10000000E+01 -0.12626457E+01  0.18000000E+00  0.35400072E+01  0.20357521E+00  0.26478211E+01  0.23584184E+01 -0.14115715E+01
  0.31637181E+01  0.44987359E+02  0.00000000E+00  0.10000000E+01 -0.12685958E+01  0.18000000E+00  0.35646932E+01  0.20357521E+00  0.26650924E+01  0.23760814E+01 -0.14390858E+01
  0.31778418E+01  0.44990723E+02  0.00000000E+00  0.10000000E+01 -0.12740714E+01  0.18000000E+00  0.35837470E+01  0.20357521E+00  0.26784281E+01  0.23897088E+01 -0.14637262E+01
  0.31919656E+01  0.44993195E+02  0.00000000E+00  0.10000000E+01 -0.12790539E+01  0.18000000E+00  0.35988186E+01  0.20357521E+00  0.26889835E+01  0.24004803E+01 -0.14858368E+01
  0.32060893E+01  0.44995011E+02  0.00000000E+00  0.10000000E+01 -0.12835298E+01  0.18000000E+00  0.36112483E+01  0.20357521E+00  0.26976973E+01  0.24093539E+01 -0.15060523E+01
  0.32202131E+01  0.44996343E+02  0.00000000E+00  0.10000000E+01 -0.12874749E+01  0.18000000E+00  0.36216290E+01  0.20357521E+00  0.27049820E+01  0.24167564E+01 -0.15247725E+01
  0.32343368E+01  0.44997321E+02  0.00000000E+00  0.10000000E+01 -0.12908822E+01  0.18000000E+00  0.36304727E+01  0.20357521E+00  0.27111945E+01  0.24230558E+01 -0.15421720E+01
  0.32484605E+01  0.44998038E+02  0.00000000E+00  0.10000000E+01 -0.12938090E+01  0.18000000E+00  0.36365308E+01  0.20357521E+00  0.27154481E+01  0.24273733E+01 -0.15572725E+01
  0.32625843E+01  0.44998564E+02  0.00000000E+00  0.10000000E+01 -0.12963641E+01  0.18000000E+00  0.36392166E+01  0.20357521E+00  0.27173250E+01  0.24292973E+01 -0.15697007E+01
  0.32767080E+01  0.44998950E+02  0.00000000E+00  0.10000000E+01 -0.12986542E+01  0.18000000E+00  0.36384262E+01  0.20357521E+00  0.27167497E+01  0.24287567E+01 -0.15796584E+01
  0.32908318E+01  0.44999233E+02  0.00000000E+00  0.10000000E+01 -0.13007349E+01  0.18000000E+00  0.36354349E+01  0.20357521E+00  0.27146225E+01  0.24266550E+01 -0.15882165E+01
  0.33049555E+01  0.44999440E+02  0.00000000E+00  0.10000000E+01 -0.13026116E+01  0.18000000E+00  0.36314219E+01  0.20357521E+00  0.27117761E+01  0.24238272E+01 -0.15962119E+01
  0.33190793E+01  0.44999592E+02  0.00000000E+00  0.10000000E+01 -0.13042745E+01  0.18000000E+00  0.36270861E+01  0.20357521E+00  0.27087038E+01  0.24207685E+01 -0.16039872E+01
  0.33332030E+01  0.44999704E+02  0.00000000E+00  0.10000000E+01 -0.13057322E+01  0.18000000E+00  0.36219627E+01  0.20357521E+00  0.27050762E+01  0.24171511E+01 -0.16111071E+01
  0.33473267E+01  0.44999785E+02  0.00000000E+00  0.10000000E+01 -0.13070162E+01  0.18000000E+00  0.36155500E+01  0.20357521E+00  0.27005383E+01  0.24126204E+01 -0.16171902E+01
  0.33614505E+01  0.44999845E+02  0.00000000E+00  0.10000000E+01 -0.13081629E+01  0.18000000E+00  0.36079644E+01  0.20357521E+00  0.26951719E+01  0.24072594E+01 -0.16223758E+01
  0.33755742E+01  0.44999889E+02  0.00000000E+00  0.10000000E+01 -0.13092001E+01  0.18000000E+00  0.35987680E+01  0.20357521E+00  0.26886673E+01  0.24007587E+01 -0.16265605E+01
  0.33896980E+01  0.44999921E+02  0.00000000E+00  0.10000000E+01 -0.13101370E+01  0.18000000E+00  0.35886447E+01  0.20357521E+00  0.26815076E+01  0.23936019E+01 -0.16302803E+01
  0.34038217E+01  0.44999944E+02  0.00000000E+00  0.10000000E+01 -0.13109697E+01  0.18000000E+00  0.35778288E+01  0.20357521E+00  0.26738587E+01  0.23859550E+01 -0.16337404E+01
  0.34179454E+01  0.44999961E+02  0.00000000E+00  0.10000000E+01 -0.13116890E+01  0.18000000E+00  0.35666787E+01  0.20357521E+00  0.26659736E+01  0.23780715E+01 -0.16371574E+01
  0.34320692E+01  0.44999974E+02  0.00000000E+00  0.10000000E+01 -0.13122889E+01  0.18000000E+00  0.35551896E+01  0.20357521E+00  0.26578491E+01  0.23699481E+01 -0.16404704E+01
  0.34461929E+01  0.44999983E+02  0.00000000E+00  0.10000000E+01 -0.13127706E+01  0.18000000E+00  0.35432695E+01  0.20357521E+00  0.26494199E+01  0.23615197E+01 -0.16435466E+01
  0.34603167E+01  0.44999990E+02  0.00000000E+00  0.10000000E+01 -0.13131387E+01  0.18000000E+00  0.35312528E+01  0.20357521E+00  0.26409225E+01  0.23530230E+01 -0.16465528E+01
  0.34744404E+01  0.44999994E+02  0.00000000E+00  0.10000000E+01 -0.13133989E+01  0.18000000E+00  0.35186988E+01  0.20357521E+00  0.26320454E+01  0.23441461E+01 -0.16492552E+01
  0.34885642E+01  0.44999997E+02  0.00000000E+00  0.10000000E+01 -0.13135489E+01  0.18000000E+00  0.35062453E+01  0.20357521E+00  0.26232393E+01  0.23353403E+01 -0.16520695E+01
  0.35026879E+01  0.44999999E+02  0.00000000E+00  0.10000000E+01 -0.13135832E+01  0.18000000E+00  0.34936061E+01  0.20357521E+00  0.26143020E+01  0.23264032E+01 -0.16548247E+01
  0.35168116E+01  0.45000000E+02  0.00000000E+00  0.10000000E+01 -0.13134928E+01  0.18000000E+00  0.34811137E+01  0.20357521E+00  0.26054685E+01  0.23175698E+01 -0.16576730E+01
  0.35309354E+01  0.45000000E+02  0.00000000E+00  0.10000000E+01 -0.13132710E+01  0.18000000E+00  0.34687541E+01  0.20357521E+00  0.25967289E+01  0.23088302E+01 -0.16605349E+01
  0.35450591E+01  0.44999999E+02  0.00000000E+00  0.10000000E+01 -0.13129137E+01  0.18000000E+00  0.34564465E+01  0.20357521E+00  0.25880262E+01  0.23001274E+01 -0.16632991E+01
  0.35591829E+01  0.44999997E+02  0.00000000E+00  0.10000000E+01 -0.13124183E+01  0.18000000E+00  0.34442102E+01  0.20357521E+00  0.25793739E+01  0.22914749E+01 -0.16659576E+01
  0.35733066E+01  0.44999994E+02  0.00000000E+00  0.10000000E+01 -0.13117804E+01  0.18000000E+00  0.34319617E+01  0.20357521E+00  0.25707130E+01  0.22828138E+01 -0.16684747E+01
  0.35874303E+01  0.44999990E+02  0.00000000E+00  0.10000000E+01 -0.13109940E+01  0.18000000E+00  0.34197635E+01  0.20357521E+00  0.25620877E+01  0.22741882E+01 -0.16709126E+01
  0.36015541E+01  0.44999983E+02  0.00000000E+00  0.10000000E+01 -0.13100541E+01  0.18000000E+00  0.34074208E+01  0.20357521E+00  0.25533604E+01  0.22654602E+01 -0.16731584E+01
  0.36156778E+01  0.44999974E+02  0.00000000E+00  0.10000000E+01 -0.13089569E+01  0.18000000E+00  0.33952566E+01  0.20357521E+00  0.25447594E+01  0.22568585E+01 -0.16753800E+01
  0.36298016E+01  0.44999961E+02  0.00000000E+00  0.10000000E+01 -0.13077054E+01  0.18000000E+00  0.33828401E+01  0.20357521E+00  0.25359801E+01  0.22480781E+01 -0.16773028E+01
  0.36439253E+01  0.44999944E+02  0.00000000E+00  0.10000000E+01 -0.13063060E+01  0.18000000E+00  0.33703567E+01  0.20357521E+00  0.25271536E+01  0.22392502E+01 -0.16790114E+01
  0.36580490E+01  0.44999921E+02  0.00000000E+00  0.10000000E+01 -0.13047709E+01  0.18000000E+00  0.33574284E+01  0.20357521E+00  0.25180128E+01  0.22301076E+01 -0.16802791E+01
  0.36721728E+01  0.44999889E+02  0.00000000E+00  0.10000000E+01 -0.13031129E+01  0.18000000E+00  0.33439852E+01  0.20357521E+00  0.25085083E+01  0.22206004E+01 -0.16810729E+01
  0.36862965E+01  0.44999845E+02  0.00000000E+00  0.10000000E+01 -0.13013429E+01  0.18000000E+00  0.33300536E+01  0.20357521E+00  0.24986588E+01  0.22107474E+01 -0.16814256E+01
  0.37004203E+01  0.44999785E+02  0.00000000E+00  0.10000000E+01 -0.12994677E+01  0.18000000E+00  0.33157104E+01  0.20357521E+00  0.24885189E+01  0.22006026E+01 -0.16814024E+01
  0.37145440E+01  0.44999704E+02  0.00000000E+00  0.10000000E+01 -0.12974893E+01  0.18000000E+00  0.33010432E+01  0.20357521E+00  0.24781507E+01  0.21902279E+01 -0.16810480E+01
  0.37286678E+01  0.44999592E+02  0.00000000E+00  0.10000000E+01 -0.12954084E+01  0.18000000E+00  0.32859306E+01  0.20357521E+00  0.24674687E+01  0.21795369E+01 -0.16802713E+01
  0.37427915E+01  0.44999440E+02  0.00000000E+00  0.10000000E+01 -0.12932234E+01  0.18000000E+00  0.32707490E+01  0.20357521E+00  0.24567394E+01  0.21687955E+01 -0.16792585E+01
  0.37569152E+01  0.44999233E+02  0.00000000E+00  0.10000000E+01 -0.12909378E+01  0.18000000E+00  0.32549272E+01  0.20357521E+00  0.24455593E+01  0.21575990E+01 -0.16776567E+01
  0.37710390E+01  0.44998950E+02  0.00000000E+00  0.10000000E+01 -0.12885577E+01  0.18000000E+00  0.32382646E+01  0.20357521E+00  0.24337875E+01  0.21458049E+01 -0.16753462E+01
  0.37851627E+01  0.44998564E+02  0.00000000E+00  0.10000000E+01 -0.12860908E+01  0.18000000E+00  0.32205823E+01  0.20357521E+00  0.24212984E+01  0.21332855E+01 -0.16722374E+01
  0.37992865E+01  0.44998038E+02  0.00000000E+00  0.10000000E+01 -0.12835459E+01  0.18000000E+00  0.32015542E+01  0.20357521E+00  0.24078626E+01  0.21198089E+01 -0.16681780E+01
  0.38134102E+01  0.44997321E+02  0.00000000E+00  0.10000000E+01 -0.12809312E+01  0.18000000E+00  0.31808155E+01  0.20357521E+00  0.23932240E+01  0.21051150E+01 -0.16629945E+01
  0.38275339E+01  0.44996343E+02  0.00000000E+00  0.10000000E+01 -0.12782533E+01  0.18000000E+00  0.31581027E+01  0.20357521E+00  0.23771985E+01  0.20890147E+01 -0.16565794E+01
  0.38416577E+01  0.44995011E+02  0.00000000E+00  0.10000000E+01 -0.12755173E+01  0.18000000E+00  0.31331921E+01  0.20357521E+00  0.23596311E+01  0.20713465E+01 -0.16488392E+01
  0.38557814E+01  0.44993195E+02  0.00000000E+00  0.10000000E+01 -0.12727301E+01  0.18000000E+00  0.31051254E+01  0.20357521E+00  0.23398482E+01  0.20514280E+01 -0.16392374E+01
  0.38699052E+01  0.44990723E+02  0.00000000E+00  0.10000000E+01 -0.12698988E+01  0.18000000E+00  0.30736344E+01  0.20357521E+00  0.23176657E+01  0.20290631E+01 -0.16276292E+01
  0.38840289E+01  0.44987359E+02  0.00000000E+00  0.10000000E+01 -0.12670375E+01  0.18000000E+00  0.30370020E+01  0.20357521E+00  0.22918760E+01  0.20030297E+01 -0.16129962E+01
  0.38981527E+01  0.44982787E+02  0.00000000E+00  0.10000000E+01 -0.12641658E+01  0.18000000E+00  0.29940061E+01  0.20357521E+00  0.22616241E+01  0.19724533E+01 -0.15946125E+01
  0.39122764E+01  0.44976581E+02  0.00000000E+00  0.10000000E+01 -0.12613117E+01  0.18000000E+00  0.29422981E+01  0.20357521E+00  0.22252596E+01  0.19356602E+01 -0.15711138E+01
  0.39264001E+01  0.44968173E+02  0.00000000E+00  0.10000000E+01 -0.12585077E+01  0.18000000E+00  0.28796808E+01  0.20357521E+00  0.21812420E+01  0.18910811E+01 -0.15412933E+01
  0.39405239E+01  0.44956810E+02  0.00000000E+00  0.10000000E+01 -0.12557938E+01  0.18000000E+00  0.28029011E+01  0.20357521E+00  0.21272846E+01  0.18363979E+01 -0.15033427E+01
  0.39546476E+01  0.44941502E+02  0.00000000E+00  0.10000000E+01 -0.12532283E+01  0.18000000E+00  0.27074450E+01  0.20357521E+00  0.20602087E+01  0.17684008E+01 -0.14546566E+01
  0.39687714E+01  0.44920973E+02  0.00000000E+00  0.10000000E+01 -0.12508849E+01  0.18000000E+00  0.25892361E+01  0.20357521E+00  0.19771406E+01  0.16841916E+01 -0.13929181E+01
  0.39828951E+01  0.44893599E+02  0.00000000E+00  0.10000000E+01 -0.12488382E+01  0.18000000E+00  0.24439564E+01  0.20357521E+00  0.18750262E+01  0.15807095E+01 -0.13158452E+01
  0.39970188E+01  0.44857374E+02  0.00000000E+00  0.10000000E+01 -0.12471308E+01  0.18000000E+00  0.22706027E+01  0.20357521E+00  0.17531409E+01  0.14572496E+01 -0.12233124E+01
  0.40111426E+01  0.44809897E+02  0.00000000E+00  0.10000000E+01 -0.12457989E+01  0.18000000E+00  0.20678911E+01  0.20357521E+00  0.16105343E+01  0.13129340E+01 -0.11147317E+01
  0.40252663E+01  0.44748422E+02  0.00000000E+00  0.10000000E+01 -0.12449007E+01  0.18000000E+00  0.18373691E+01  0.20357521E+00  0.14482243E+01  0.11489189E+01 -0.99075094E+00
  0.40393901E+01  0.44669999E+02  0.00000000E+00  0.10000000E+01 -0.12444741E+01  0.18000000E+00  0.15888371E+01  0.20357521E+00  0.12730475E+01  0.97221203E+00 -0.85694302E+00
  0.40535138E+01  0.44571712E+02  0.00000000E+00  0.10000000E+01 -0.12445129E+01  0.18000000E+00  0.13387587E+01  0.20357521E+00  0.10965644E+01  0.79452137E+00 -0.72266535E+00
  0.40676376E+01  0.44451011E+02  0.00000000E+00  0.10000000E+01 -0.12449492E+01  0.18000000E+00  0.11113525E+01  0.20357521E+00  0.93590196E+00  0.63295721E+00 -0.60161107E+00
  0.40817613E+01  0.44306074E+02  0.00000000E+00  0.10000000E+01 -0.12456463E+01  0.18000000E+00  0.93289757E+00  0.20357521E+00  0.80979441E+00  0.50593849E+00 -0.50860038E+00
  0.40958850E+01  0.44136113E+02  0.00000000E+00  0.10000000E+01 -0.12464280E+01  0.18000000E+00  0.82607552E+00  0.20357521E+00  0.73462680E+00  0.42914694E+00 -0.45616350E+00
  0.41100088E+01  0.43941507E+02  0.00000000E+00  0.10000000E+01 -0.12471252E+01  0.18000000E+00  0.80048057E+00  0.20357521E+00  0.71765056E+00  0.40888836E+00 -0.44927674E+00
  0.41241325E+01  0.43723745E+02  0.00000000E+00  0.10000000E+01 -0.12475855E+01  0.18000000E+00  0.85285971E+00  0.20357521E+00  0.75705281E+00  0.44236138E+00 -0.48588404E+00
  0.41382563E+01  0.43485158E+02  0.00000000E+00  0.10000000E+01 -0.12477040E+01  0.18000000E+00  0.96594272E+00  0.20357521E+00  0.84093597E+00  0.51702505E+00 -0.55610315E+00
  0.41523800E+01  0.43228576E+02  0.00000000E+00  0.10000000E+01 -0.12474416E+01  0.18000000E+00  0.11149930E+01  0.20357521E+00  0.95184493E+00  0.61534010E+00 -0.64589271E+00
  0.41665037E+01  0.42956970E+02  0.00000000E+00  0.10000000E+01 -0.12468162E+01  0.18000000E+00  0.12762725E+01  0.20357521E+00  0.10727861E+01  0.72072480E+00 -0.74193957E+00
  0.41806275E+01  0.42673177E+02  0.00000000E+00  0.10000000E+01 -0.12458853E+01  0.18000000E+00  0.14308914E+01  0.20357521E+00  0.11900236E+01  0.82020548E+00 -0.83377741E+00
  0.41947512E+01  0.42379729E+02  0.00000000E+00  0.10000000E+01 -0.12447285E+01  0.18000000E+00  0.15668176E+01  0.20357521E+00  0.12946166E+01  0.90571971E+00 -0.91480497E+00
  0.42088750E+01  0.42078776E+02  0.00000000E+00  0.10000000E+01 -0.12434259E+01  0.18000000E+00  0.16795285E+01  0.20357521E+00  0.13830129E+01  0.97444052E+00 -0.98263568E+00
  0.42229987E+01  0.41772070E+02  0.00000000E+00  0.10000000E+01 -0.12420529E+01  0.18000000E+00  0.17660184E+01  0.20357521E+00  0.14527135E+01  0.10246402E+01 -0.10356818E+01
  0.42371225E+01  0.41461005E+02  0.00000000E+00  0.10000000E+01 -0.12406475E+01  0.18000000E+00  0.18301167E+01  0.20357521E+00  0.15062906E+01  0.10591783E+01 -0.10763539E+01
  0.42512462E+01  0.41146666E+02  0.00000000E+00  0.10000000E+01 -0.12392226E+01  0.18000000E+00  0.18738139E+01  0.20357521E+00  0.15449840E+01  0.10796508E+01 -0.11059319E+01
  0.42653699E+01  0.40829883E+02  0.00000000E+00  0.10000000E+01 -0.12377614E+01  0.18000000E+00  0.19020502E+01  0.20357521E+00  0.15722948E+01  0.10895536E+01 -0.11273613E+01
  0.42794937E+01  0.40511283E+02  0.00000000E+00  0.10000000E+01 -0.12362260E+01  0.18000000E+00  0.19180444E+01  0.20357521E+00  0.15904890E+01  0.10911836E+01 -0.11425649E+01
  0.42936174E+01  0.40191340E+02  0.00000000E+00  0.10000000E+01 -0.12345470E+01  0.18000000E+00  0.19251423E+01  0.20357521E+00  0.16019795E+01  0.10868658E+01 -0.11536203E+01
  0.43077412E+01  0.39870403E+02  0.00000000E+00  0.10000000E+01 -0.12326137E+01  0.18000000E+00  0.19268965E+01  0.20357521E+00  0.16093886E+01  0.10790000E+01 -0.11627697E+01
  0.43218649E+01  0.39548735E+02  0.00000000E+00  0.10000000E+01 -0.12302963E+01  0.18000000E+00  0.19246158E+01  0.20357521E+00  0.16136623E+01  0.10684955E+01 -0.11708014E+01
  0.43359886E+01  0.39226529E+02  0.00000000E+00  0.10000000E+01 -0.12274621E+01  0.18000000E+00  0.19200181E+01  0.20357521E+00  0.16160839E+01  0.10564966E+01 -0.11785807E+01
  0.43501124E+01  0.38903928E+02  0.00000000E+00  0.10000000E+01 -0.12239807E+01  0.18000000E+00  0.19133447E+01  0.20357521E+00  0.16168135E+01  0.10431896E+01 -0.11861042E+01
  0.43642361E+01  0.38581035E+02  0.00000000E+00  0.10000000E+01 -0.12197131E+01  0.18000000E+00  0.19043518E+01  0.20357521E+00  0.16156368E+01  0.10284533E+01 -0.11931824E+01
  0.43783599E+01  0.38257930E+02  0.00000000E+00  0.10000000E+01 -0.12145083E+01  0.18000000E+00  0.18949865E+01  0.20357521E+00  0.16140569E+01  0.10135271E+01 -0.12008594E+01
  0.43924836E+01  0.37934668E+02  0.00000000E+00  0.10000000E+01 -0.12082445E+01  0.18000000E+00  0.18829605E+01  0.20357521E+00  0.16102644E+01  0.99701132E+00 -0.12075629E+01
  0.44066073E+01  0.37611291E+02  0.00000000E+00  0.10000000E+01 -0.12008279E+01  0.18000000E+00  0.18698314E+01  0.20357521E+00  0.16054654E+01  0.97989450E+00 -0.12139236E+01
  0.44207311E+01  0.37287830E+02  0.00000000E+00  0.10000000E+01 -0.11922158E+01  0.18000000E+00  0.18549862E+01  0.20357521E+00  0.15991608E+01  0.96182181E+00 -0.12192939E+01
  0.44348548E+01  0.36964307E+02  0.00000000E+00  0.10000000E+01 -0.11824308E+01  0.18000000E+00  0.18380087E+01  0.20357521E+00  0.15910011E+01  0.94256795E+00 -0.12231216E+01
  0.44489786E+01  0.36640739E+02  0.00000000E+00  0.10000000E+01 -0.11715505E+01  0.18000000E+00  0.18205294E+01  0.20357521E+00  0.15822734E+01  0.92313647E+00 -0.12260935E+01
  0.44631023E+01  0.36317138E+02  0.00000000E+00  0.10000000E+01 -0.11596903E+01  0.18000000E+00  0.18013563E+01  0.20357521E+00  0.15720132E+01  0.90282993E+00 -0.12274140E+01
  0.44772261E+01  0.35993512E+02  0.00000000E+00  0.10000000E+01 -0.11469546E+01  0.18000000E+00  0.17818711E+01  0.20357521E+00  0.15613224E+01  0.88248497E+00 -0.12279200E+01
  0.44913498E+01  0.35669869E+02  0.00000000E+00  0.10000000E+01 -0.11334160E+01  0.18000000E+00  0.17605553E+01  0.20357521E+00  0.15489655E+01  0.86122204E+00 -0.12268527E+01
  0.45054735E+01  0.35346212E+02  0.00000000E+00  0.10000000E+01 -0.11190625E+01  0.18000000E+00  0.17379050E+01  0.20357521E+00  0.15353306E+01  0.83935491E+00 -0.12248229E+01
  0.45195973E+01  0.35022546E+02  0.00000000E+00  0.10000000E+01 -0.11035981E+01  0.18000000E+00  0.17155337E+01  0.20357521E+00  0.15217272E+01  0.81782954E+00 -0.12242567E+01
  0.45337210E+01  0.34698873E+02  0.00000000E+00  0.10000000E+01 -0.10861041E+01  0.17995309E+00  0.17005081E+01  0.20346912E+00  0.15139091E+01  0.80075374E+00 -0.12334657E+01
  0.45478448E+01  0.34375195E+02  0.00000000E+00  0.10000000E+01 -0.10664552E+01  0.17966523E+00  0.16895909E+01  0.20281869E+00  0.15090308E+01  0.78656147E+00 -0.12471835E+01
  0.45619685E+01  0.34051513E+02  0.00000000E+00  0.10000000E+01 -0.10454934E+01  0.17920511E+00  0.16642001E+01  0.20178119E+00  0.14918321E+01  0.76466628E+00 -0.12455709E+01
  0.45760922E+01  0.33727828E+02  0.00000000E+00  0.10000000E+01 -0.10217806E+01  0.17862751E+00  0.16419087E+01  0.20048255E+00  0.14768677E+01  0.74492904E+00 -0.12515163E+01
  0.45902160E+01  0.33404141E+02  0.00000000E+00  0.10000000E+01 -0.99358526E+00  0.17796955E+00  0.16328504E+01  0.19900834E+00  0.14726789E+01  0.73281745E+00 -0.12742287E+01
  0.46043397E+01  0.33080453E+02  0.00000000E+00  0.10000000E+01 -0.96083803E+00  0.17724696E+00  0.16287223E+01  0.19739560E+00  0.14724562E+01  0.72358417E+00 -0.13008973E+01
  0.46184635E+01  0.32756763E+02  0.00000000E+00  0.10000000E+01 -0.92639132E+00  0.17643843E+00  0.16010274E+01  0.19559883E+00  0.14522577E+01  0.70178018E+00 -0.12978912E+01
  0.46325872E+01  0.32433073E+02  0.00000000E+00  0.10000000E+01 -0.88829465E+00  0.17557665E+00  0.15976329E+01  0.19369277E+00  0.14523119E+01  0.69335279E+00 -0.13209638E+01
  0.46467110E+01  0.32109383E+02  0.00000000E+00  0.10000000E+01 -0.84509782E+00  0.17470443E+00  0.16275790E+01  0.19177310E+00  0.14805507E+01  0.70268046E+00 -0.13743866E+01
  0.46608347E+01  0.31785691E+02  0.00000000E+00  0.10000000E+01 -0.79923364E+00  0.17381378E+00  0.16490039E+01  0.18982277E+00  0.15016812E+01  0.70724817E+00 -0.14110743E+01
  0.46749584E+01  0.31462000E+02  0.00000000E+00  0.10000000E+01 -0.75284044E+00  0.17289778E+00  0.16610855E+01  0.18782730E+00  0.15149168E+01  0.70676112E+00 -0.14313740E+01
  0.46890822E+01  0.31138308E+02  0.00000000E+00  0.10000000E+01 -0.70731812E+00  0.17195225E+00  0.16645249E+01  0.18577857E+00  0.15207699E+01  0.70172350E+00 -0.14388116E+01
  0.47032059E+01  0.30814616E+02  0.00000000E+00  0.10000000E+01 -0.66420828E+00  0.17095270E+00  0.16416173E+01  0.18362500E+00  0.15039331E+01  0.68323563E+00 -0.14197902E+01
  0.47173297E+01  0.30490924E+02  0.00000000E+00  0.10000000E+01 -0.62287867E+00  0.16989313E+00  0.16116290E+01  0.18135583E+00  0.14807764E+01  0.66146754E+00 -0.13979375E+01
  0.47314534E+01  0.30167232E+02  0.00000000E+00  0.10000000E+01 -0.58272047E+00  0.16877539E+00  0.15810839E+01  0.17897736E+00  0.14568863E+01  0.63979805E+00 -0.13772824E+01
  0.47455771E+01  0.29843540E+02  0.00000000E+00  0.10000000E+01 -0.54203011E+00  0.16763078E+00  0.15731312E+01  0.17655801E+00  0.14523756E+01  0.62969821E+00 -0.13793323E+01
  0.47597009E+01  0.29519848E+02  0.00000000E+00  0.10000000E+01 -0.50062990E+00  0.16647163E+00  0.15704854E+01  0.17412469E+00  0.14524085E+01  0.62229678E+00 -0.13853270E+01
  0.47738246E+01  0.29196155E+02  0.00000000E+00  0.10000000E+01 -0.45855209E+00  0.16528158E+00  0.15521966E+01  0.17164407E+00  0.14387256E+01  0.60732567E+00 -0.13812836E+01
  0.47879484E+01  0.28872463E+02  0.00000000E+00  0.10000000E+01 -0.41582250E+00  0.16408252E+00  0.15497861E+01  0.16916266E+00  0.14388247E+01  0.60019699E+00 -0.13890312E+01
  0.48020721E+01  0.28548771E+02  0.00000000E+00  0.10000000E+01 -0.37231059E+00  0.16284899E+00  0.15376147E+01  0.16662877E+00  0.14302901E+01  0.58846782E+00 -0.13942107E+01
  0.48161959E+01  0.28225078E+02  0.00000000E+00  0.10000000E+01 -0.32983607E+00  0.16157370E+00  0.15299846E+01  0.16402923E+00  0.14256395E+01  0.57905992E+00 -0.13958175E+01
  0.48303196E+01  0.27901386E+02  0.00000000E+00  0.10000000E+01 -0.28764131E+00  0.16030051E+00  0.15646348E+01  0.16145432E+00  0.14583055E+01  0.58948681E+00 -0.14288384E+01
  0.48444433E+01  0.27577694E+02  0.00000000E+00  0.10000000E+01 -0.24696275E+00  0.15900106E+00  0.15574790E+01  0.15884732E+00  0.14540628E+01  0.58023675E+00 -0.14226853E+01
  0.48585671E+01  0.27254001E+02  0.00000000E+00  0.10000000E+01 -0.20682418E+00  0.15767070E+00  0.15284481E+01  0.15620030E+00  0.14302974E+01  0.56107165E+00 -0.14022418E+01
  0.48726908E+01  0.26930309E+02  0.00000000E+00  0.10000000E+01 -0.16691794E+00  0.15629183E+00  0.14813438E+01  0.15348022E+00  0.13902162E+01  0.53407358E+00 -0.13691829E+01
  0.48868146E+01  0.26606617E+02  0.00000000E+00  0.10000000E+01 -0.12851660E+00  0.15481253E+00  0.14059535E+01  0.15058860E+00  0.13245095E+01  0.49503201E+00 -0.13136542E+01
  0.49009383E+01  0.26282924E+02  0.00000000E+00  0.10000000E+01 -0.91457786E-01  0.15324468E+00  0.13582152E+01  0.14755390E+00  0.12831382E+01  0.46912358E+00 -0.12817128E+01
  0.49150620E+01  0.25959232E+02  0.00000000E+00  0.10000000E+01 -0.56080592E-01  0.15162400E+00  0.13251809E+01  0.14444942E+00  0.12547078E+01  0.45019815E+00 -0.12558655E+01
  0.49291858E+01  0.25635540E+02  0.00000000E+00  0.10000000E+01 -0.22336316E-01  0.14995247E+00  0.12808802E+01  0.14128209E+00  0.12159209E+01  0.42679160E+00 -0.12209415E+01
  0.49433095E+01  0.25311847E+02  0.00000000E+00  0.10000000E+01  0.97123625E-02  0.14822358E+00  0.12306501E+01  0.13804303E+00  0.11715201E+01  0.40136797E+00 -0.11821394E+01
  0.49574333E+01  0.24988155E+02  0.00000000E+00  0.10000000E+01  0.39998247E-01  0.14645651E+00  0.12023991E+01  0.13477124E+00  0.11467802E+01  0.38577453E+00 -0.11597048E+01
  0.49715570E+01  0.24664462E+02  0.00000000E+00  0.10000000E+01  0.68559838E-01  0.14462990E+00  0.11513281E+01  0.13143046E+00  0.11011356E+01  0.36101357E+00 -0.11207829E+01
  0.49856808E+01  0.24340770E+02  0.00000000E+00  0.10000000E+01  0.95693853E-01  0.14276839E+00  0.11073991E+01  0.12806900E+00  0.10617479E+01  0.33974373E+00 -0.10849809E+01
  0.49998045E+01  0.24017078E+02  0.00000000E+00  0.10000000E+01  0.12085530E+00  0.14086797E+00  0.10699005E+01  0.12468219E+00  0.10280198E+01  0.32157135E+00 -0.10521495E+01
  0.50139282E+01  0.23693385E+02  0.00000000E+00  0.10000000E+01  0.14299011E+00  0.13890437E+00  0.10243642E+01  0.12123045E+00  0.98673503E+00  0.30062083E+00 -0.10109785E+01
  0.50280520E+01  0.23369693E+02  0.00000000E+00  0.10000000E+01  0.16206177E+00  0.13688452E+00  0.98014554E+00  0.11773038E+00  0.94643810E+00  0.28071456E+00 -0.97066496E+00
  0.50421757E+01  0.23046001E+02  0.00000000E+00  0.10000000E+01  0.17946758E+00  0.13482331E+00  0.94303811E+00  0.11421150E+00  0.91248542E+00  0.26407481E+00 -0.94103773E+00
  0.50562995E+01  0.22722308E+02  0.00000000E+00  0.10000000E+01  0.19722038E+00  0.13277504E+00  0.94834312E+00  0.11076761E+00  0.91752576E+00  0.26414127E+00 -0.94949069E+00
  0.50704232E+01  0.22398616E+02  0.00000000E+00  0.10000000E+01  0.21620328E+00  0.13073928E+00  0.95098015E+00  0.10739697E+00  0.92015709E+00  0.26307471E+00 -0.96067738E+00
  0.50845469E+01  0.22074923E+02  0.00000000E+00  0.10000000E+01  0.23283795E+00  0.12862395E+00  0.87649686E+00  0.10394978E+00  0.85130995E+00  0.23307437E+00 -0.90285202E+00
  0.50986707E+01  0.21751231E+02  0.00000000E+00  0.10000000E+01  0.24608167E+00  0.12649011E+00  0.84383178E+00  0.10052938E+00  0.82100621E+00  0.21933314E+00 -0.86524766E+00
  0.51127944E+01  0.21427539E+02  0.00000000E+00  0.10000000E+01  0.26219755E+00  0.12438092E+00  0.86183375E+00  0.97204734E-01  0.83777533E+00  0.22436280E+00 -0.89515669E+00
  0.51269182E+01  0.21103846E+02  0.00000000E+00  0.10000000E+01  0.28356314E+00  0.12233656E+00  0.91894801E+00  0.94035622E-01  0.89117199E+00  0.24314731E+00 -0.96387948E+00
  0.51410419E+01  0.20780154E+02  0.00000000E+00  0.10000000E+01  0.30779921E+00  0.12030235E+00  0.93534665E+00  0.90934377E-01  0.90676304E+00  0.24682626E+00 -0.99434887E+00
  0.51551656E+01  0.20456462E+02  0.00000000E+00  0.10000000E+01  0.32656938E+00  0.11811120E+00  0.80274755E+00  0.87652037E-01  0.78275870E+00  0.19843215E+00 -0.88242961E+00
  0.51692894E+01  0.20132769E+02  0.00000000E+00  0.10000000E+01  0.34042154E+00  0.11588426E+00  0.75174865E+00  0.84377910E-01  0.73485757E+00  0.17952722E+00 -0.82297450E+00
  0.51834131E+01  0.19809077E+02  0.00000000E+00  0.10000000E+01  0.34511725E+00  0.11347601E+00  0.56204413E+00  0.80907347E-01  0.55620479E+00  0.11434962E+00 -0.64468871E+00
  0.51975369E+01  0.19485385E+02  0.00000000E+00  0.10000000E+01  0.33948736E+00  0.11102462E+00  0.47824241E+00  0.77449478E-01  0.47668639E+00  0.86511920E-01 -0.52960927E+00
  0.52116606E+01  0.19161692E+02  0.00000000E+00  0.10000000E+01  0.33679465E+00  0.10866862E+00  0.52829088E+00  0.74197314E-01  0.52337564E+00  0.10331716E+00 -0.57556040E+00
  0.52257844E+01  0.18838000E+02  0.00000000E+00  0.10000000E+01  0.34419152E+00  0.10644315E+00  0.61978647E+00  0.71189397E-01  0.60957440E+00  0.13274885E+00 -0.68599302E+00
  0.52399081E+01  0.18514307E+02  0.00000000E+00  0.10000000E+01  0.34991538E+00  0.10420051E+00  0.57918374E+00  0.68221234E-01  0.57087080E+00  0.11922445E+00 -0.64613525E+00
  0.52540318E+01  0.18190615E+02  0.00000000E+00  0.10000000E+01  0.34810300E+00  0.10184937E+00  0.45845680E+00  0.65177331E-01  0.45589161E+00  0.81200755E-01 -0.52410794E+00
  0.52681556E+01  0.17866923E+02  0.00000000E+00  0.10000000E+01  0.34712957E+00  0.99472227E-01  0.41098459E+00  0.62170386E-01  0.41023782E+00  0.66921026E-01 -0.49464265E+00
  0.52822793E+01  0.17543230E+02  0.00000000E+00  0.10000000E+01  0.33640715E+00  0.96898946E-01  0.19924279E+00  0.58995378E-01  0.20775867E+00  0.38053287E-02 -0.29697222E+00
  0.52964031E+01  0.17219538E+02  0.00000000E+00  0.10000000E+01  0.29887013E+00  0.94002646E-01 -0.15852349E+00  0.55521353E-01 -0.13498187E+00 -0.99961055E-01  0.90258946E-01
  0.53105268E+01  0.16895846E+02  0.00000000E+00  0.10000000E+01  0.26135222E+00  0.91171807E-01 -0.15067313E+00  0.52227712E-01 -0.12899018E+00 -0.93763842E-01  0.88629644E-01
  0.53246505E+01  0.16572153E+02  0.00000000E+00  0.10000000E+01  0.24264311E+00  0.88522429E-01 -0.55352201E-02  0.49236426E-01  0.87380460E-02 -0.48769979E-01 -0.10385361E+00
  0.53387743E+01  0.16248461E+02  0.00000000E+00  0.10000000E+01  0.22783142E+00  0.85903907E-01 -0.84267126E-02  0.46366650E-01  0.48834111E-02 -0.46872465E-01 -0.11915042E+00
  0.53528980E+01  0.15924769E+02  0.00000000E+00  0.10000000E+01  0.21126367E+00  0.83298974E-01 -0.30026894E-01  0.43597259E-01 -0.16912550E-01 -0.50162746E-01 -0.94964704E-01
  0.53670218E+01  0.15601076E+02  0.00000000E+00  0.10000000E+01  0.18995209E+00  0.80660424E-01 -0.93496319E-01  0.40879059E-01 -0.79057753E-01 -0.64517678E-01 -0.27850652E-01
  0.53811455E+01  0.15277384E+02  0.00000000E+00  0.10000000E+01  0.16512238E+00  0.77965029E-01 -0.17855878E+00  0.38192630E-01 -0.16218531E+00 -0.83891823E-01  0.48797694E-01
  0.53952693E+01  0.14953692E+02  0.00000000E+00  0.10000000E+01  0.13712501E+00  0.75252016E-01 -0.23730985E+00  0.35580837E-01 -0.22009206E+00 -0.95610906E-01  0.10630980E+00
  0.54093930E+01  0.14630000E+02  0.00000000E+00  0.10000000E+01  0.10974043E+00  0.72573945E-01 -0.24798209E+00  0.33093397E-01 -0.23158318E+00 -0.94654741E-01  0.11133726E+00
  0.54235167E+01  0.14306308E+02  0.00000000E+00  0.10000000E+01  0.86821546E-01  0.69956706E-01 -0.23077280E+00  0.30749537E-01 -0.21601781E+00 -0.86821223E-01  0.77684192E-01
  0.54376405E+01  0.13982616E+02  0.00000000E+00  0.10000000E+01  0.63356235E-01  0.67321368E-01 -0.28485821E+00  0.28476443E-01 -0.26953691E+00 -0.96462237E-01  0.11801896E+00
  0.54517642E+01  0.13658924E+02  0.00000000E+00  0.10000000E+01  0.34646751E-01  0.64638346E-01 -0.37378402E+00  0.26251876E-01 -0.35701374E+00 -0.11377538E+00  0.20629777E+00
  0.54658880E+01  0.13335232E+02  0.00000000E+00  0.10000000E+01 -0.10145751E-02  0.61913326E-01 -0.46428089E+00  0.24085083E-01 -0.44620741E+00 -0.13052120E+00  0.30470756E+00
  0.54800117E+01  0.13011541E+02  0.00000000E+00  0.10000000E+01 -0.37901759E-01  0.59232930E-01 -0.47319823E+00  0.22044808E-01 -0.45608541E+00 -0.12801812E+00  0.31771665E+00
  0.54941354E+01  0.12687850E+02  0.00000000E+00  0.10000000E+01 -0.61159020E-01  0.56768862E-01 -0.30751851E+00  0.20248845E-01 -0.29556182E+00 -0.87297553E-01  0.13357761E+00
  0.55082592E+01  0.12364160E+02  0.00000000E+00  0.10000000E+01 -0.68856260E-01  0.54464192E-01 -0.17939535E+00  0.18638116E-01 -0.17124365E+00 -0.56618745E-01 -0.34198213E-01
  0.55223829E+01  0.12040470E+02  0.00000000E+00  0.10000000E+01 -0.72579348E-01  0.52181484E-01 -0.18119221E+00  0.17108532E-01 -0.17363719E+00 -0.54529309E-01 -0.53680810E-01
  0.55365067E+01  0.11716781E+02  0.00000000E+00  0.10000000E+01 -0.76342478E-01  0.49898390E-01 -0.20648537E+00  0.15644185E-01 -0.19900598E+00 -0.57250041E-01 -0.37251777E-01
  0.55506304E+01  0.11393094E+02  0.00000000E+00  0.10000000E+01 -0.80942286E-01  0.47611935E-01 -0.23289981E+00  0.14243330E-01 -0.22549690E+00 -0.59969505E-01 -0.16934005E-01
  0.55647542E+01  0.11069408E+02  0.00000000E+00  0.10000000E+01 -0.85662346E-01  0.45317523E-01 -0.26192057E+00  0.12903639E-01 -0.25457015E+00 -0.62951798E-01  0.14959534E-02
  0.55788779E+01  0.10745725E+02  0.00000000E+00  0.10000000E+01 -0.90714543E-01  0.43007402E-01 -0.29736470E+00  0.11621610E-01 -0.28998335E+00 -0.66861684E-01  0.25197517E-01
  0.55930016E+01  0.10422045E+02  0.00000000E+00  0.10000000E+01 -0.94376250E-01  0.40692421E-01 -0.32114082E+00  0.10404158E-01 -0.31396053E+00 -0.68326105E-01  0.32052374E-01
  0.56071254E+01  0.10098370E+02  0.00000000E+00  0.10000000E+01 -0.98232959E-01  0.38352008E-01 -0.36526691E+00  0.92417900E-02 -0.35798781E+00 -0.73144052E-01  0.61129274E-01
  0.56212491E+01  0.97747011E+01  0.00000000E+00  0.10000000E+01 -0.10203491E+00  0.35985995E-01 -0.40827471E+00  0.81366741E-02 -0.40096637E+00 -0.77333141E-01  0.87926520E-01
  0.56353729E+01  0.94510406E+01  0.00000000E+00  0.10000000E+01 -0.10602945E+00  0.33590064E-01 -0.45531175E+00  0.70892703E-02 -0.44796738E+00 -0.81757402E-01  0.11871236E+00
  0.56494966E+01  0.91273919E+01  0.00000000E+00  0.10000000E+01 -0.11063753E+00  0.31157385E-01 -0.50769672E+00  0.60996074E-02 -0.50030072E+00 -0.86558364E-01  0.15497104E+00
  0.56636203E+01  0.88037589E+01  0.00000000E+00  0.10000000E+01 -0.11592421E+00  0.28689233E-01 -0.55926291E+00  0.51715145E-02 -0.55188236E+00 -0.90706150E-01  0.19076423E+00
  0.56777441E+01  0.84801477E+01  0.00000000E+00  0.10000000E+01 -0.12160513E+00  0.26189665E-01 -0.60701763E+00  0.43096279E-02 -0.59974559E+00 -0.93777412E-01  0.22222428E+00
  0.56918678E+01  0.81565660E+01  0.00000000E+00  0.10000000E+01 -0.12774904E+00  0.23657693E-01 -0.65549313E+00  0.35166137E-02 -0.64836327E+00 -0.96481474E-01  0.25424930E+00
  0.57059916E+01  0.78330246E+01  0.00000000E+00  0.10000000E+01 -0.13423356E+00  0.21098240E-01 -0.70024066E+00  0.27968703E-02 -0.69332586E+00 -0.98204199E-01  0.28291874E+00
  0.57201153E+01  0.75095382E+01  0.00000000E+00  0.10000000E+01 -0.14076465E+00  0.18513376E-01 -0.74207647E+00  0.21535311E-02 -0.73543032E+00 -0.99117957E-01  0.30770359E+00
  0.57342391E+01  0.71861268E+01  0.00000000E+00  0.10000000E+01 -0.14728562E+00  0.15904946E-01 -0.78290642E+00  0.15894405E-02 -0.77655787E+00 -0.99513075E-01  0.33141578E+00
  0.57483628E+01  0.68628176E+01  0.00000000E+00  0.10000000E+01 -0.15395749E+00  0.13270312E-01 -0.82607829E+00  0.11064763E-02 -0.82002731E+00 -0.99808760E-01  0.35736239E+00
  0.57624865E+01  0.65396478E+01  0.00000000E+00  0.10000000E+01 -0.16095465E+00  0.10611023E-01 -0.86942217E+00  0.70744778E-03 -0.86368452E+00 -0.99721967E-01  0.38438632E+00
  0.57766103E+01  0.62166681E+01  0.00000000E+00  0.10000000E+01 -0.16819542E+00  0.79317669E-02 -0.90963229E+00  0.39529358E-03 -0.90424040E+00 -0.98895746E-01  0.40889632E+00
  0.57907340E+01  0.58939473E+01  0.00000000E+00  0.10000000E+01 -0.17551920E+00  0.52370772E-02 -0.94653672E+00  0.17232879E-03 -0.94151532E+00 -0.97368869E-01  0.43041619E+00
  0.58048578E+01  0.55715790E+01  0.00000000E+00  0.10000000E+01 -0.18289251E+00  0.25335634E-02 -0.98001209E+00  0.40331413E-04 -0.97537828E+00 -0.95188748E-01  0.44985100E+00
  0.58189815E+01  0.52496906E+01  0.00000000E+00  0.10000000E+01 -0.19036726E+00 -0.17377381E-03 -0.10110212E+01  0.18973547E-06 -0.10067804E+01 -0.92504830E-01  0.46823233E+00
  0.58331052E+01  0.49284546E+01  0.00000000E+00  0.10000000E+01 -0.19801542E+00 -0.28751588E-02 -0.10373686E+01  0.51940192E-04 -0.10335288E+01 -0.89173878E-01  0.48450320E+00
  0.58472290E+01  0.46081043E+01  0.00000000E+00  0.10000000E+01 -0.20593557E+00 -0.55588941E-02 -0.10582839E+01  0.19415862E-03 -0.10548474E+01 -0.85215971E-01  0.49844561E+00
  0.58613527E+01  0.42889546E+01  0.00000000E+00  0.10000000E+01 -0.21427116E+00 -0.82100553E-02 -0.10723943E+01  0.42351816E-03 -0.10693595E+01 -0.80622939E-01  0.50958381E+00
  0.58754765E+01  0.39714287E+01  0.00000000E+00  0.10000000E+01 -0.22315317E+00 -0.10804458E-01 -0.10749685E+01  0.73347596E-03 -0.10723364E+01 -0.75182979E-01  0.51515161E+00
  0.58896002E+01  0.36560913E+01  0.00000000E+00  0.10000000E+01 -0.23263749E+00 -0.13312172E-01 -0.10626069E+01  0.11134679E-02 -0.10603733E+01 -0.68871027E-01  0.51268868E+00
  0.59037239E+01  0.33436916E+01  0.00000000E+00  0.10000000E+01 -0.24271499E+00 -0.15691499E-01 -0.10298402E+01  0.15470656E-02 -0.10279968E+01 -0.61610180E-01  0.49897289E+00
  0.59178477E+01  0.30352123E+01  0.00000000E+00  0.10000000E+01 -0.25332685E+00 -0.17890814E-01 -0.97203613E+00  0.20111297E-02 -0.97056606E+00 -0.53477307E-01  0.47136589E+00
  0.59319714E+01  0.27319247E+01  0.00000000E+00  0.10000000E+01 -0.26373036E+00 -0.19839422E-01 -0.87608071E+00  0.24730786E-02 -0.87496714E+00 -0.44226918E-01  0.41818304E+00
  0.59460952E+01  0.24354435E+01  0.00000000E+00  0.10000000E+01 -0.27339031E+00 -0.21458914E-01 -0.74157716E+00  0.28933126E-02 -0.74078437E+00 -0.34403064E-01  0.34155745E+00
  0.59602189E+01  0.21477677E+01  0.00000000E+00  0.10000000E+01 -0.27931739E+00 -0.22628861E-01 -0.53197550E+00  0.32174016E-02 -0.53148120E+00 -0.23151902E-01  0.20436081E+00
  0.59743427E+01  0.18712907E+01  0.00000000E+00  0.10000000E+01 -0.28019941E+00 -0.23254254E-01 -0.27586396E+00  0.33976976E-02 -0.27560589E+00 -0.12404052E-01  0.36522038E-01
  0.59884664E+01  0.16087508E+01  0.00000000E+00  0.10000000E+01 -0.27882503E+00 -0.23284174E-01 -0.14743065E-01  0.34064463E-02 -0.14641620E-01 -0.38190050E-02 -0.11262257E+00
  0.60025901E+01  0.13630963E+01  0.00000000E+00  0.10000000E+01 -0.27512143E+00 -0.22646725E-01  0.28003785E+00  0.32224833E-02  0.28003526E+00  0.34400460E-02 -0.27857233E+00
  0.60167139E+01  0.11372473E+01  0.00000000E+00  0.10000000E+01 -0.26892456E+00 -0.21306902E-01  0.59288104E+00  0.28524661E-02  0.59282087E+00  0.89152472E-02 -0.45363783E+00
  0.60308376E+01  0.93376534E+00  0.00000000E+00  0.10000000E+01 -0.26021431E+00 -0.19287612E-01  0.89734206E+00  0.23374204E-02  0.89726099E+00  0.12286478E-01 -0.62286789E+00
  0.60449614E+01  0.75449043E+00  0.00000000E+00  0.10000000E+01 -0.24917174E+00 -0.16677279E-01  0.11633137E+01  0.17475527E-02  0.11632359E+01  0.13571070E-01 -0.76918716E+00
  0.60590851E+01  0.60023640E+00  0.00000000E+00  0.10000000E+01 -0.23618348E+00 -0.13627940E-01  0.13616726E+01  0.11669180E-02  0.13616101E+01  0.13097905E-01 -0.87623759E+00
  0.60732088E+01  0.47064545E+00  0.00000000E+00  0.10000000E+01 -0.22177724E+00 -0.10328684E-01  0.14753544E+01  0.67030102E-03  0.14753101E+01  0.11448608E-01 -0.93458844E+00
  0.60873326E+01  0.36425299E+00  0.00000000E+00  0.10000000E+01 -0.20654162E+00 -0.69738205E-02  0.15017850E+01  0.30557753E-03  0.15017566E+01  0.92418338E-02 -0.94302598E+00
  0.61014563E+01  0.27873948E+00  0.00000000E+00  0.10000000E+01 -0.19103370E+00 -0.37297294E-02  0.14534906E+01  0.87404647E-04  0.14534738E+01  0.69836865E-02 -0.90884978E+00
  0.61155801E+01  0.21128329E+00  0.00000000E+00  0.10000000E+01 -0.17570959E+00 -0.71319664E-03  0.13527664E+01  0.31959388E-05  0.13527572E+01  0.49852396E-02 -0.84482645E+00
  0.61297038E+01  0.15891308E+00  0.00000000E+00  0.10000000E+01 -0.16089924E+00  0.20116534E-02  0.12234068E+01  0.25426478E-04  0.12234022E+01  0.33677573E-02 -0.76452783E+00
  0.61438276E+01  0.11878587E+00  0.00000000E+00  0.10000000E+01 -0.14680582E+00  0.44268351E-02  0.10861962E+01  0.12313076E-03  0.10861941E+01  0.21287748E-02 -0.67979373E+00
  0.61579513E+01  0.88362210E-01  0.00000000E+00  0.10000000E+01 -0.13353154E+00  0.65456323E-02  0.95528570E+00  0.26920498E-03  0.95528497E+00  0.12040474E-02 -0.59870630E+00
  0.61720750E+01  0.65486038E-01  0.00000000E+00  0.10000000E+01 -0.12110313E+00  0.83995950E-02  0.83890851E+00  0.44329882E-03  0.83890846E+00  0.51552923E-03 -0.52599925E+00
  0.61861988E+01  0.48394810E-01  0.00000000E+00  0.10000000E+01 -0.10949909E+00  0.10027273E-01  0.74024872E+00  0.63175046E-03  0.74024899E+00 -0.65001141E-05 -0.46354959E+00
  0.62003225E+01  0.35687846E-01  0.00000000E+00  0.10000000E+01 -0.98669709E-01  0.11467303E-01  0.65938463E+00  0.82623280E-03  0.65938502E+00 -0.41552148E-03 -0.41146808E+00
  0.62144463E+01  0.26275264E-01  0.00000000E+00  0.10000000E+01 -0.88551290E-01  0.12754725E-01  0.59467792E+00  0.10221675E-02  0.59467833E+00 -0.74945409E-03 -0.36887094E+00
  0.62285700E+01  0.19322207E-01  0.00000000E+00  0.10000000E+01 -0.79077048E-01  0.13919136E-01  0.54366964E+00  0.12173192E-02  0.54367002E+00 -0.10339741E-02 -0.33438729E+00
  0.62426937E+01  0.14196557E-01  0.00000000E+00  0.10000000E+01 -0.70182350E-01  0.14984677E-01  0.50383947E+00  0.14108299E-02  0.50383980E+00 -0.12859902E-02 -0.30658796E+00
  0.62568175E+01  0.10423799E-01  0.00000000E+00  0.10000000E+01 -0.61808137E-01  0.15970436E-01  0.47285725E+00  0.16025568E-02  0.47285753E+00 -0.15165300E-02 -0.28413843E+00
  0.62709412E+01  0.76499758E-02  0.00000000E+00  0.10000000E+01 -0.53902071E-01  0.16891258E-01  0.44876656E+00  0.17926846E-02  0.44876680E+00 -0.17327665E-02 -0.26590878E+00
  0.62850650E+01  0.56122922E-02  0.00000000E+00  0.10000000E+01 -0.46418253E-01  0.17758608E-01  0.42998217E+00  0.19815166E-02  0.42998236E+00 -0.19393986E-02 -0.25097549E+00
  0.62991887E+01  0.41163033E-02  0.00000000E+00  0.10000000E+01 -0.39317024E-01  0.18581246E-01  0.41525973E+00  0.21693496E-02  0.41525989E+00 -0.21395160E-02 -0.23861007E+00
  0.63133125E+01  0.30185011E-02  0.00000000E+00  0.10000000E+01 -0.32563891E-01  0.19365888E-01  0.40363487E+00  0.23564310E-02  0.40363499E+00 -0.23351664E-02 -0.22824305E+00
  0.63274362E+01  0.22131676E-02  0.00000000E+00  0.10000000E+01 -0.26129036E-01  0.20117668E-01  0.39438031E+00  0.25429345E-02  0.39438041E+00 -0.25277008E-02 -0.21944259E+00
  0.63415599E+01  0.16225290E-02  0.00000000E+00  0.10000000E+01 -0.19986480E-01  0.20840521E-01  0.38692705E+00  0.27289591E-02  0.38692713E+00 -0.27180019E-02 -0.21186693E+00
  0.63556837E+01  0.11894270E-02  0.00000000E+00  0.10000000E+01 -0.14113593E-01  0.21537466E-01  0.38084543E+00  0.29145338E-02  0.38084549E+00 -0.29066277E-02 -0.20525540E+00
  0.63698074E+01  0.87188457E-03  0.00000000E+00  0.10000000E+01 -0.84906947E-02  0.22210823E-01  0.37581043E+00  0.30996252E-02  0.37581047E+00 -0.30939064E-02 -0.19940830E+00
  0.63839312E+01  0.63909076E-03  0.00000000E+00  0.10000000E+01 -0.31004473E-02  0.22862384E-01  0.37156296E+00  0.32841495E-02  0.37156300E+00 -0.32800050E-02 -0.19416430E+00
  0.63980549E+01  0.46843909E-03  0.00000000E+00  0.10000000E+01  0.20723113E-02  0.23493540E-01  0.36791719E+00  0.34679818E-02  0.36791722E+00 -0.34649738E-02 -0.18940571E+00
  0.64121786E+01  0.34334776E-03  0.00000000E+00  0.10000000E+01  0.70409912E-02  0.24105364E-01  0.36471382E+00  0.36509617E-02  0.36471384E+00 -0.36487761E-02 -0.18503050E+00
  0.64263024E+01  0.25165661E-03  0.00000000E+00  0.10000000E+01  0.11817507E-01  0.24698711E-01  0.36184341E+00  0.38329085E-02  0.36184343E+00 -0.38313192E-02 -0.18096656E+00
  0.64404261E+01  0.18444945E-03  0.00000000E+00  0.10000000E+01  0.16412447E-01  0.25274275E-01  0.35922971E+00  0.40136296E-02  0.35922972E+00 -0.40124731E-02 -0.17716180E+00
  0.64545499E+01  0.13518940E-03  0.00000000E+00  0.10000000E+01  0.20835437E-01  0.25832646E-01  0.35681017E+00  0.41929306E-02  0.35681018E+00 -0.41920887E-02 -0.17357269E+00
  0.64686736E+01  0.99084379E-04  0.00000000E+00  0.10000000E+01  0.25095183E-01  0.26374353E-01  0.35455584E+00  0.43706245E-02  0.35455584E+00 -0.43700113E-02 -0.17017615E+00
  0.64827973E+01  0.72621584E-04  0.00000000E+00  0.10000000E+01  0.29199690E-01  0.26899866E-01  0.35243180E+00  0.45465307E-02  0.35243181E+00 -0.45460839E-02 -0.16694609E+00
  0.64969211E+01  0.53226116E-04  0.00000000E+00  0.10000000E+01  0.33156353E-01  0.27409636E-01  0.35042187E+00  0.47204826E-02  0.35042187E+00 -0.47201571E-02 -0.16386782E+00
  0.65110448E+01  0.39010611E-04  0.00000000E+00  0.10000000E+01  0.36971973E-01  0.27904088E-01  0.34851679E+00  0.48923278E-02  0.34851680E+00 -0.48920905E-02 -0.16093112E+00
  0.65251686E+01  0.28591697E-04  0.00000000E+00  0.10000000E+01  0.40652956E-01  0.28383641E-01  0.34670304E+00  0.50619296E-02  0.34670304E+00 -0.50617566E-02 -0.15812365E+00
  0.65392923E+01  0.20955429E-04  0.00000000E+00  0.10000000E+01  0.44205279E-01  0.28848718E-01  0.34498586E+00  0.52291719E-02  0.34498587E+00 -0.52290457E-02 -0.15544452E+00
  0.65534161E+01  0.15358639E-04  0.00000000E+00  0.10000000E+01  0.47634638E-01  0.29299730E-01  0.34335595E+00  0.53939526E-02  0.34335595E+00 -0.53938606E-02 -0.15288486E+00
  0.65675398E+01  0.11256635E-04  0.00000000E+00  0.10000000E+01  0.50946377E-01  0.29737090E-01  0.34181832E+00  0.55561866E-02  0.34181832E+00 -0.55561195E-02 -0.15044443E+00
  0.65816635E+01  0.82501954E-05  0.00000000E+00  0.10000000E+01  0.54145573E-01  0.30161189E-01  0.34036145E+00  0.57157970E-02  0.34036145E+00 -0.57157480E-02 -0.14811359E+00
  0.65957873E+01  0.60467179E-05  0.00000000E+00  0.10000000E+01  0.57237019E-01  0.30572405E-01  0.33898015E+00  0.58727171E-02  0.33898015E+00 -0.58726813E-02 -0.14588637E+00
  0.66099110E+01  0.44317480E-05  0.00000000E+00  0.10000000E+01  0.60225161E-01  0.30971091E-01  0.33766706E+00  0.60268848E-02  0.33766706E+00 -0.60268587E-02 -0.14375567E+00
  0.66240348E+01  0.32481070E-05  0.00000000E+00  0.10000000E+01  0.63114202E-01  0.31357573E-01  0.33640593E+00  0.61782397E-02  0.33640593E+00 -0.61782207E-02 -0.14170945E+00
  0.66381585E+01  0.23805950E-05  0.00000000E+00  0.10000000E+01  0.65908039E-01  0.31732160E-01  0.33519429E+00  0.63267278E-02  0.33519429E+00 -0.63267139E-02 -0.13974366E+00
  0.66522822E+01  0.17447800E-05  0.00000000E+00  0.10000000E+01  0.68610337E-01  0.32095139E-01  0.33401879E+00  0.64722964E-02  0.33401879E+00 -0.64722862E-02 -0.13784818E+00
  0.66664060E+01  0.12787798E-05  0.00000000E+00  0.10000000E+01  0.71224541E-01  0.32446788E-01  0.33287551E+00  0.66149003E-02  0.33287551E+00 -0.66148929E-02 -0.13601827E+00
  0.66805297E+01  0.93724009E-06  0.00000000E+00  0.10000000E+01  0.73753840E-01  0.32787374E-01  0.33176130E+00  0.67544992E-02  0.33176130E+00 -0.67544938E-02 -0.13424981E+00
  0.66946535E+01  0.68691963E-06  0.00000000E+00  0.10000000E+01  0.76201266E-01  0.33117150E-01  0.33066645E+00  0.68910560E-02  0.33066645E+00 -0.68910521E-02 -0.13253516E+00
  0.67087772E+01  0.50345537E-06  0.00000000E+00  0.10000000E+01  0.78569639E-01  0.33436367E-01  0.32959386E+00  0.70245425E-02  0.32959386E+00 -0.70245396E-02 -0.13087393E+00
  0.67229010E+01  0.36899121E-06  0.00000000E+00  0.10000000E+01  0.80861663E-01  0.33745267E-01  0.32853601E+00  0.71549339E-02  0.32853601E+00 -0.71549318E-02 -0.12926011E+00
  0.67370247E+01  0.27044008E-06  0.00000000E+00  0.10000000E+01  0.83079872E-01  0.34044096E-01  0.32749774E+00  0.72822149E-02  0.32749774E+00 -0.72822133E-02 -0.12769473E+00
  0.67511484E+01  0.19821024E-06  0.00000000E+00  0.10000000E+01  0.85226699E-01  0.34333087E-01  0.32647349E+00  0.74063730E-02  0.32647349E+00 -0.74063719E-02 -0.12617322E+00
  0.67652722E+01  0.14527173E-06  0.00000000E+00  0.10000000E+01  0.87304474E-01  0.34612475E-01  0.32546440E+00  0.75274033E-02  0.32546440E+00 -0.75274025E-02 -0.12469482E+00
  0.67793959E+01  0.10647217E-06  0.00000000E+00  0.10000000E+01  0.89315390E-01  0.34882489E-01  0.32447128E+00  0.76453048E-02  0.32447128E+00 -0.76453042E-02 -0.12325870E+00
  0.67935197E+01  0.78035308E-07  0.00000000E+00  0.10000000E+01  0.91261575E-01  0.35143348E-01  0.32348897E+00  0.77600789E-02  0.32348897E+00 -0.77600785E-02 -0.12186078E+00
  0.68076434E+01  0.57193433E-07  0.00000000E+00  0.10000000E+01  0.93145044E-01  0.35395276E-01  0.32252263E+00  0.78717354E-02  0.32252263E+00 -0.78717351E-02 -0.12050272E+00
  0.68217671E+01  0.41918061E-07  0.00000000E+00  0.10000000E+01  0.94967753E-01  0.35638490E-01  0.32156833E+00  0.79802861E-02  0.32156833E+00 -0.79802858E-02 -0.11918125E+00
  0.68358909E+01  0.30722475E-07  0.00000000E+00  0.10000000E+01  0.96731593E-01  0.35873206E-01  0.32062775E+00  0.80857493E-02  0.32062775E+00 -0.80857491E-02 -0.11789621E+00
  0.68500146E+01  0.22517043E-07  0.00000000E+00  0.10000000E+01  0.98438349E-01  0.36099638E-01  0.31970141E+00  0.81881460E-02  0.31970141E+00 -0.81881458E-02 -0.11664687E+00
  0.68641384E+01  0.16503127E-07  0.00000000E+00  0.10000000E+01  0.10008976E+00  0.36317983E-01  0.31878324E+00  0.82874958E-02  0.31878324E+00 -0.82874957E-02 -0.11542894E+00
  0.68782621E+01  0.12095430E-07  0.00000000E+00  0.10000000E+01  0.10168745E+00  0.36528437E-01  0.31787543E+00  0.83838224E-02  0.31787543E+00 -0.83838224E-02 -0.11424265E+00
  0.68923859E+01  0.88649440E-08  0.00000000E+00  0.10000000E+01  0.10323301E+00  0.36731183E-01  0.31697155E+00  0.84771469E-02  0.31697155E+00 -0.84771468E-02 -0.11308360E+00
  0.69065096E+01  0.64972755E-08  0.00000000E+00  0.10000000E+01  0.10472794E+00  0.36926401E-01  0.31607450E+00  0.85674946E-02  0.31607450E+00 -0.85674946E-02 -0.11195247E+00
  0.69206333E+01  0.47619659E-08  0.00000000E+00  0.10000000E+01  0.10617369E+00  0.37114263E-01  0.31517999E+00  0.86548900E-02  0.31517999E+00 -0.86548900E-02 -0.11084615E+00
  0.69347571E+01  0.34901202E-08  0.00000000E+00  0.10000000E+01  0.10757166E+00  0.37294942E-01  0.31428984E+00  0.87393623E-02  0.31428984E+00 -0.87393623E-02 -0.10976485E+00
  0.69488808E+01  0.25579677E-08  0.00000000E+00  0.10000000E+01  0.10892319E+00  0.37468611E-01  0.31340637E+00  0.88209443E-02  0.31340637E+00 -0.88209443E-02 -0.10870909E+00
  0.69630046E+01  0.18747847E-08  0.00000000E+00  0.10000000E+01  0.11022960E+00  0.37635440E-01  0.31252714E+00  0.88996697E-02  0.31252714E+00 -0.88996696E-02 -0.10767687E+00
  0.69771283E+01  0.13740676E-08  0.00000000E+00  0.10000000E+01  0.11149217E+00  0.37795603E-01  0.31165669E+00  0.89755783E-02  0.31165669E+00 -0.89755783E-02 -0.10666994E+00
  0.69912520E+01  0.10070720E-08  0.00000000E+00  0.10000000E+01  0.11271211E+00  0.37949265E-01  0.31079205E+00  0.90487091E-02  0.31079205E+00 -0.90487091E-02 -0.10568606E+00
  0.70053758E+01  0.73810579E-09  0.00000000E+00  0.10000000E+01  0.11389065E+00  0.38096594E-01  0.30993460E+00  0.91191042E-02  0.30993460E+00 -0.91191042E-02 -0.10472539E+00
  0.70194995E+01  0.54096410E-09  0.00000000E+00  0.10000000E+01  0.11502894E+00  0.38237752E-01  0.30908530E+00  0.91868067E-02  0.30908530E+00 -0.91868067E-02 -0.10378788E+00
  0.70336233E+01  0.39648455E-09  0.00000000E+00  0.10000000E+01  0.11612809E+00  0.38372890E-01  0.30824039E+00  0.92518569E-02  0.30824039E+00 -0.92518569E-02 -0.10287100E+00
  0.70477470E+01  0.29059056E-09  0.00000000E+00  0.10000000E+01  0.11718920E+00  0.38502162E-01  0.30740220E+00  0.93142976E-02  0.30740220E+00 -0.93142976E-02 -0.10197549E+00
